XVG Filename,Distance (nm),Lambda State,Time (ps),Total Energy (kJ/mol),dH/dλ vdw-lambda = 0.0000,ΔH λ to 0.0000,ΔH λ to 0.1000,ΔH λ to 0.2000,ΔH λ to 0.3000,ΔH λ to 0.4000,ΔH λ to 0.5000,ΔH λ to 0.6000,ΔH λ to 0.7000,ΔH λ to 0.8000,ΔH λ to 0.9000,ΔH λ to 1.0000
dhdl_modified_0_lambda_0.xvg,0.2,0,0.0,94233940000000.0,-3487267000000.0,0.0,-229941800.0,-229942070.0,-229942120.0,-229942130.0,-229942140.0,-229942140.0,-229942140.0,-229942140.0,-229942140.0,-229942140.0
dhdl_modified_0_lambda_1.xvg,0.2,1,0.0,341.07617,-7371.0293,229941800.0,0.0,-269.17593,-314.65665,-330.96679,-340.97892,-341.07581,-341.07581,-341.07581,-341.07581,-341.07581
dhdl_modified_0_lambda_2.xvg,0.2,2,0.0,71.899879,-848.34705,229942070.0,269.17593,0.0,-45.480715,-61.790855,-71.80299,-71.899872,-71.899872,-71.899872,-71.899872,-71.899872
dhdl_modified_0_lambda_3.xvg,0.2,3,0.0,26.419157,-229.33388,229942120.0,314.65665,45.480715,0.0,-16.310141,-26.322275,-26.419157,-26.419157,-26.419157,-26.419157,-26.419157
dhdl_modified_0_lambda_4.xvg,0.2,4,0.0,10.109016,-172.95493,229942130.0,330.96679,61.790855,16.310141,0.0,-10.012135,-10.109016,-10.109016,-10.109016,-10.109016,-10.109016
dhdl_modified_0_lambda_5.xvg,0.2,5,0.0,0.09688165,-12.075656,229942140.0,340.97892,71.80299,26.322275,10.012135,0.0,-0.09688165,-0.09688165,-0.09688165,-0.09688165,-0.09688165
dhdl_modified_0_lambda_6.xvg,0.2,6,0.0,0.0,0.0,229942140.0,341.07581,71.899872,26.419157,10.109016,0.09688165,0.0,0.0,0.0,0.0,0.0
dhdl_modified_0_lambda_7.xvg,0.2,7,0.0,0.0,0.0,229942140.0,341.07581,71.899872,26.419157,10.109016,0.09688165,0.0,0.0,0.0,0.0,0.0
dhdl_modified_0_lambda_8.xvg,0.2,8,0.0,0.0,0.0,229942140.0,341.07581,71.899872,26.419157,10.109016,0.09688165,0.0,0.0,0.0,0.0,0.0
dhdl_modified_0_lambda_9.xvg,0.2,9,0.0,0.0,0.0,229942140.0,341.07581,71.899872,26.419157,10.109016,0.09688165,0.0,0.0,0.0,0.0,0.0
dhdl_modified_0_lambda_10.xvg,0.2,10,0.0,0.0,0.0,229942140.0,341.07581,71.899872,26.419157,10.109016,0.09688165,0.0,0.0,0.0,0.0,0.0
dhdl_modified_1_lambda_0.xvg,0.201,0,0.0,82826515000000.0,-3189265100000.0,0.0,-216647530.0,-216647800.0,-216647850.0,-216647860.0,-216647870.0,-216647870.0,-216647870.0,-216647870.0,-216647870.0,-216647870.0
dhdl_modified_1_lambda_1.xvg,0.201,1,0.0,341.04831,-7370.1562,216647530.0,0.0,-269.15105,-314.62952,-330.93951,-340.95108,-341.04791,-341.04791,-341.04791,-341.04791,-341.04791
dhdl_modified_1_lambda_2.xvg,0.201,2,0.0,71.896866,-848.29736,216647800.0,269.15105,0.0,-45.478464,-61.788459,-71.800027,-71.896858,-71.896858,-71.896858,-71.896858,-71.896858
dhdl_modified_1_lambda_3.xvg,0.201,3,0.0,26.418394,-229.32492,216647850.0,314.62952,45.478464,0.0,-16.309995,-26.321563,-26.418394,-26.418394,-26.418394,-26.418394,-26.418394
dhdl_modified_1_lambda_4.xvg,0.201,4,0.0,10.108399,-172.95663,216647860.0,330.93951,61.788459,16.309995,0.0,-10.011569,-10.108399,-10.108399,-10.108399,-10.108399,-10.108399
dhdl_modified_1_lambda_5.xvg,0.201,5,0.0,0.096830733,-12.071525,216647870.0,340.95108,71.800027,26.321563,10.011569,0.0,-0.096830733,-0.096830733,-0.096830733,-0.096830733,-0.096830733
dhdl_modified_1_lambda_6.xvg,0.201,6,0.0,0.0,0.0,216647870.0,341.04791,71.896858,26.418394,10.108399,0.096830733,0.0,0.0,0.0,0.0,0.0
dhdl_modified_1_lambda_7.xvg,0.201,7,0.0,0.0,0.0,216647870.0,341.04791,71.896858,26.418394,10.108399,0.096830733,0.0,0.0,0.0,0.0,0.0
dhdl_modified_1_lambda_8.xvg,0.201,8,0.0,0.0,0.0,216647870.0,341.04791,71.896858,26.418394,10.108399,0.096830733,0.0,0.0,0.0,0.0,0.0
dhdl_modified_1_lambda_9.xvg,0.201,9,0.0,0.0,0.0,216647870.0,341.04791,71.896858,26.418394,10.108399,0.096830733,0.0,0.0,0.0,0.0,0.0
dhdl_modified_1_lambda_10.xvg,0.201,10,0.0,0.0,0.0,216647870.0,341.04791,71.896858,26.418394,10.108399,0.096830733,0.0,0.0,0.0,0.0,0.0
dhdl_modified_2_lambda_0.xvg,0.202,0,0.0,72845992000000.0,-2918005100000.0,0.0,-204181370.0,-204181640.0,-204181690.0,-204181700.0,-204181710.0,-204181710.0,-204181710.0,-204181710.0,-204181710.0,-204181710.0
dhdl_modified_2_lambda_1.xvg,0.202,1,0.0,341.01978,-7369.2607,204181370.0,0.0,-269.1256,-314.60174,-330.91157,-340.92256,-341.01935,-341.01935,-341.01935,-341.01935,-341.01935
dhdl_modified_2_lambda_2.xvg,0.202,2,0.0,71.893753,-848.24591,204181640.0,269.1256,0.0,-45.476137,-61.785969,-71.796959,-71.893745,-71.893745,-71.893745,-71.893745,-71.893745
dhdl_modified_2_lambda_3.xvg,0.202,3,0.0,26.417608,-229.31575,204181690.0,314.60174,45.476137,0.0,-16.309832,-26.320822,-26.417608,-26.417608,-26.417608,-26.417608,-26.417608
dhdl_modified_2_lambda_4.xvg,0.202,4,0.0,10.107777,-172.95825,204181700.0,330.91157,61.785969,16.309832,0.0,-10.01099,-10.107777,-10.107777,-10.107777,-10.107777,-10.107777
dhdl_modified_2_lambda_5.xvg,0.202,5,0.0,0.096786529,-12.067944,204181710.0,340.92256,71.796959,26.320822,10.01099,0.0,-0.096786529,-0.096786529,-0.096786529,-0.096786529,-0.096786529
dhdl_modified_2_lambda_6.xvg,0.202,6,0.0,0.0,0.0,204181710.0,341.01935,71.893745,26.417608,10.107777,0.096786529,0.0,0.0,0.0,0.0,0.0
dhdl_modified_2_lambda_7.xvg,0.202,7,0.0,0.0,0.0,204181710.0,341.01935,71.893745,26.417608,10.107777,0.096786529,0.0,0.0,0.0,0.0,0.0
dhdl_modified_2_lambda_8.xvg,0.202,8,0.0,0.0,0.0,204181710.0,341.01935,71.893745,26.417608,10.107777,0.096786529,0.0,0.0,0.0,0.0,0.0
dhdl_modified_2_lambda_9.xvg,0.202,9,0.0,0.0,0.0,204181710.0,341.01935,71.893745,26.417608,10.107777,0.096786529,0.0,0.0,0.0,0.0,0.0
dhdl_modified_2_lambda_10.xvg,0.202,10,0.0,0.0,0.0,204181710.0,341.01935,71.893745,26.417608,10.107777,0.096786529,0.0,0.0,0.0,0.0,0.0
dhdl_modified_3_lambda_0.xvg,0.203,0,0.0,64108901000000.0,-2670992800000.0,0.0,-192489020.0,-192489290.0,-192489330.0,-192489350.0,-192489360.0,-192489360.0,-192489360.0,-192489360.0,-192489360.0,-192489360.0
dhdl_modified_3_lambda_1.xvg,0.203,1,0.0,340.99051,-7368.3438,192489020.0,0.0,-269.09949,-314.57328,-330.88299,-340.89335,-340.99008,-340.99008,-340.99008,-340.99008,-340.99008
dhdl_modified_3_lambda_2.xvg,0.203,2,0.0,71.890594,-848.19379,192489290.0,269.09949,0.0,-45.473782,-61.783495,-71.793854,-71.890587,-71.890587,-71.890587,-71.890587,-71.890587
dhdl_modified_3_lambda_3.xvg,0.203,3,0.0,26.416805,-229.30634,192489330.0,314.57328,45.473782,0.0,-16.309713,-26.320072,-26.416805,-26.416805,-26.416805,-26.416805,-26.416805
dhdl_modified_3_lambda_4.xvg,0.203,4,0.0,10.107092,-172.96069,192489350.0,330.88299,61.783495,16.309713,0.0,-10.010359,-10.107092,-10.107092,-10.107092,-10.107092,-10.107092
dhdl_modified_3_lambda_5.xvg,0.203,5,0.0,0.096733078,-12.063564,192489360.0,340.89335,71.793854,26.320072,10.010359,0.0,-0.096733078,-0.096733078,-0.096733078,-0.096733078,-0.096733078
dhdl_modified_3_lambda_6.xvg,0.203,6,0.0,0.0,0.0,192489360.0,340.99008,71.890587,26.416805,10.107092,0.096733078,0.0,0.0,0.0,0.0,0.0
dhdl_modified_3_lambda_7.xvg,0.203,7,0.0,0.0,0.0,192489360.0,340.99008,71.890587,26.416805,10.107092,0.096733078,0.0,0.0,0.0,0.0,0.0
dhdl_modified_3_lambda_8.xvg,0.203,8,0.0,0.0,0.0,192489360.0,340.99008,71.890587,26.416805,10.107092,0.096733078,0.0,0.0,0.0,0.0,0.0
dhdl_modified_3_lambda_9.xvg,0.203,9,0.0,0.0,0.0,192489360.0,340.99008,71.890587,26.416805,10.107092,0.096733078,0.0,0.0,0.0,0.0,0.0
dhdl_modified_3_lambda_10.xvg,0.203,10,0.0,0.0,0.0,192489360.0,340.99008,71.890587,26.416805,10.107092,0.096733078,0.0,0.0,0.0,0.0,0.0
dhdl_modified_4_lambda_0.xvg,0.204,0,0.0,56454799000000.0,-2445943000000.0,0.0,-181518320.0,-181518580.0,-181518630.0,-181518650.0,-181518660.0,-181518660.0,-181518660.0,-181518660.0,-181518660.0,-181518660.0
dhdl_modified_4_lambda_1.xvg,0.204,1,0.0,340.96063,-7367.4058,181518320.0,0.0,-269.07285,-314.54419,-330.85374,-340.86349,-340.96017,-340.96017,-340.96017,-340.96017,-340.96017
dhdl_modified_4_lambda_2.xvg,0.204,2,0.0,71.887329,-848.14001,181518580.0,269.07285,0.0,-45.471334,-61.780884,-71.790637,-71.887321,-71.887321,-71.887321,-71.887321,-71.887321
dhdl_modified_4_lambda_3.xvg,0.204,3,0.0,26.415987,-229.29675,181518630.0,314.54419,45.471334,0.0,-16.309549,-26.319303,-26.415987,-26.415987,-26.415987,-26.415987,-26.415987
dhdl_modified_4_lambda_4.xvg,0.204,4,0.0,10.106438,-172.96234,181518650.0,330.85374,61.780884,16.309549,0.0,-10.009753,-10.106438,-10.106438,-10.106438,-10.106438,-10.106438
dhdl_modified_4_lambda_5.xvg,0.204,5,0.0,0.09668427,-12.059574,181518660.0,340.86349,71.790637,26.319303,10.009753,0.0,-0.09668427,-0.09668427,-0.09668427,-0.09668427,-0.09668427
dhdl_modified_4_lambda_6.xvg,0.204,6,0.0,0.0,0.0,181518660.0,340.96017,71.887321,26.415987,10.106438,0.09668427,0.0,0.0,0.0,0.0,0.0
dhdl_modified_4_lambda_7.xvg,0.204,7,0.0,0.0,0.0,181518660.0,340.96017,71.887321,26.415987,10.106438,0.09668427,0.0,0.0,0.0,0.0,0.0
dhdl_modified_4_lambda_8.xvg,0.204,8,0.0,0.0,0.0,181518660.0,340.96017,71.887321,26.415987,10.106438,0.09668427,0.0,0.0,0.0,0.0,0.0
dhdl_modified_4_lambda_9.xvg,0.204,9,0.0,0.0,0.0,181518660.0,340.96017,71.887321,26.415987,10.106438,0.09668427,0.0,0.0,0.0,0.0,0.0
dhdl_modified_4_lambda_10.xvg,0.204,10,0.0,0.0,0.0,181518660.0,340.96017,71.887321,26.415987,10.106438,0.09668427,0.0,0.0,0.0,0.0,0.0
dhdl_modified_5_lambda_0.xvg,0.205,0,0.0,49745398000000.0,-2240817700000.0,0.0,-171221870.0,-171222140.0,-171222180.0,-171222200.0,-171222210.0,-171222210.0,-171222210.0,-171222210.0,-171222210.0,-171222210.0
dhdl_modified_5_lambda_1.xvg,0.205,1,0.0,340.92981,-7366.4409,171221870.0,0.0,-269.04533,-314.51418,-330.82356,-340.83269,-340.92932,-340.92932,-340.92932,-340.92932,-340.92932
dhdl_modified_5_lambda_2.xvg,0.205,2,0.0,71.883995,-848.08484,171222140.0,269.04533,0.0,-45.468843,-61.778223,-71.787354,-71.883987,-71.883987,-71.883987,-71.883987,-71.883987
dhdl_modified_5_lambda_3.xvg,0.205,3,0.0,26.415144,-229.28691,171222180.0,314.51418,45.468843,0.0,-16.30938,-26.318511,-26.415144,-26.415144,-26.415144,-26.415144,-26.415144
dhdl_modified_5_lambda_4.xvg,0.205,4,0.0,10.105764,-172.96426,171222200.0,330.82356,61.778223,16.30938,0.0,-10.009131,-10.105764,-10.105764,-10.105764,-10.105764,-10.105764
dhdl_modified_5_lambda_5.xvg,0.205,5,0.0,0.096633404,-12.055343,171222210.0,340.83269,71.787354,26.318511,10.009131,0.0,-0.096633404,-0.096633404,-0.096633404,-0.096633404,-0.096633404
dhdl_modified_5_lambda_6.xvg,0.205,6,0.0,0.0,0.0,171222210.0,340.92932,71.883987,26.415144,10.105764,0.096633404,0.0,0.0,0.0,0.0,0.0
dhdl_modified_5_lambda_7.xvg,0.205,7,0.0,0.0,0.0,171222210.0,340.92932,71.883987,26.415144,10.105764,0.096633404,0.0,0.0,0.0,0.0,0.0
dhdl_modified_5_lambda_8.xvg,0.205,8,0.0,0.0,0.0,171222210.0,340.92932,71.883987,26.415144,10.105764,0.096633404,0.0,0.0,0.0,0.0,0.0
dhdl_modified_5_lambda_9.xvg,0.205,9,0.0,0.0,0.0,171222210.0,340.92932,71.883987,26.415144,10.105764,0.096633404,0.0,0.0,0.0,0.0,0.0
dhdl_modified_5_lambda_10.xvg,0.205,10,0.0,0.0,0.0,171222210.0,340.92932,71.883987,26.415144,10.105764,0.096633404,0.0,0.0,0.0,0.0,0.0
dhdl_modified_6_lambda_0.xvg,0.206,0,0.0,43860139000000.0,-2053762100000.0,0.0,-161554960.0,-161555220.0,-161555270.0,-161555290.0,-161555300.0,-161555300.0,-161555300.0,-161555300.0,-161555300.0,-161555300.0
dhdl_modified_6_lambda_1.xvg,0.206,1,0.0,340.89838,-7365.4546,161554960.0,0.0,-269.01728,-314.48358,-330.7928,-340.80128,-340.89786,-340.89786,-340.89786,-340.89786,-340.89786
dhdl_modified_6_lambda_2.xvg,0.206,2,0.0,71.880585,-848.02863,161555220.0,269.01728,0.0,-45.466299,-61.775518,-71.783997,-71.880577,-71.880577,-71.880577,-71.880577,-71.880577
dhdl_modified_6_lambda_3.xvg,0.206,3,0.0,26.414278,-229.27678,161555270.0,314.48358,45.466299,0.0,-16.309219,-26.317698,-26.414278,-26.414278,-26.414278,-26.414278,-26.414278
dhdl_modified_6_lambda_4.xvg,0.206,4,0.0,10.105059,-172.96626,161555290.0,330.7928,61.775518,16.309219,0.0,-10.008479,-10.105059,-10.105059,-10.105059,-10.105059,-10.105059
dhdl_modified_6_lambda_5.xvg,0.206,5,0.0,0.096579991,-12.05094,161555300.0,340.80128,71.783997,26.317698,10.008479,0.0,-0.096579991,-0.096579991,-0.096579991,-0.096579991,-0.096579991
dhdl_modified_6_lambda_6.xvg,0.206,6,0.0,0.0,0.0,161555300.0,340.89786,71.880577,26.414278,10.105059,0.096579991,0.0,0.0,0.0,0.0,0.0
dhdl_modified_6_lambda_7.xvg,0.206,7,0.0,0.0,0.0,161555300.0,340.89786,71.880577,26.414278,10.105059,0.096579991,0.0,0.0,0.0,0.0,0.0
dhdl_modified_6_lambda_8.xvg,0.206,8,0.0,0.0,0.0,161555300.0,340.89786,71.880577,26.414278,10.105059,0.096579991,0.0,0.0,0.0,0.0,0.0
dhdl_modified_6_lambda_9.xvg,0.206,9,0.0,0.0,0.0,161555300.0,340.89786,71.880577,26.414278,10.105059,0.096579991,0.0,0.0,0.0,0.0,0.0
dhdl_modified_6_lambda_10.xvg,0.206,10,0.0,0.0,0.0,161555300.0,340.89786,71.880577,26.414278,10.105059,0.096579991,0.0,0.0,0.0,0.0,0.0
dhdl_modified_7_lambda_0.xvg,0.207,0,0.0,38694740000000.0,-1883116900000.0,0.0,-152476760.0,-152477030.0,-152477080.0,-152477090.0,-152477100.0,-152477100.0,-152477100.0,-152477100.0,-152477100.0,-152477100.0
dhdl_modified_7_lambda_1.xvg,0.207,1,0.0,340.86615,-7364.4453,152476760.0,0.0,-268.98856,-314.45224,-330.7613,-340.76911,-340.86563,-340.86563,-340.86563,-340.86563,-340.86563
dhdl_modified_7_lambda_2.xvg,0.207,2,0.0,71.877075,-847.97083,152477030.0,268.98856,0.0,-45.463678,-61.772737,-71.780542,-71.877068,-71.877068,-71.877068,-71.877068,-71.877068
dhdl_modified_7_lambda_3.xvg,0.207,3,0.0,26.413389,-229.26642,152477080.0,314.45224,45.463678,0.0,-16.309058,-26.316864,-26.413389,-26.413389,-26.413389,-26.413389,-26.413389
dhdl_modified_7_lambda_4.xvg,0.207,4,0.0,10.104331,-172.96849,152477090.0,330.7613,61.772737,16.309058,0.0,-10.007806,-10.104331,-10.104331,-10.104331,-10.104331,-10.104331
dhdl_modified_7_lambda_5.xvg,0.207,5,0.0,0.096525081,-12.046307,152477100.0,340.76911,71.780542,26.316864,10.007806,0.0,-0.096525081,-0.096525081,-0.096525081,-0.096525081,-0.096525081
dhdl_modified_7_lambda_6.xvg,0.207,6,0.0,0.0,0.0,152477100.0,340.86563,71.877068,26.413389,10.104331,0.096525081,0.0,0.0,0.0,0.0,0.0
dhdl_modified_7_lambda_7.xvg,0.207,7,0.0,0.0,0.0,152477100.0,340.86563,71.877068,26.413389,10.104331,0.096525081,0.0,0.0,0.0,0.0,0.0
dhdl_modified_7_lambda_8.xvg,0.207,8,0.0,0.0,0.0,152477100.0,340.86563,71.877068,26.413389,10.104331,0.096525081,0.0,0.0,0.0,0.0,0.0
dhdl_modified_7_lambda_9.xvg,0.207,9,0.0,0.0,0.0,152477100.0,340.86563,71.877068,26.413389,10.104331,0.096525081,0.0,0.0,0.0,0.0,0.0
dhdl_modified_7_lambda_10.xvg,0.207,10,0.0,0.0,0.0,152477100.0,340.86563,71.877068,26.413389,10.104331,0.096525081,0.0,0.0,0.0,0.0,0.0
dhdl_modified_8_lambda_0.xvg,0.208,0,0.0,34158238000000.0,-1727370100000.0,0.0,-143948670.0,-143948940.0,-143948980.0,-143949000.0,-143949010.0,-143949010.0,-143949010.0,-143949010.0,-143949010.0,-143949010.0
dhdl_modified_8_lambda_1.xvg,0.208,1,0.0,340.83319,-7363.4116,143948670.0,0.0,-268.95914,-314.42015,-330.72904,-340.73617,-340.83264,-340.83264,-340.83264,-340.83264,-340.83264
dhdl_modified_8_lambda_2.xvg,0.208,2,0.0,71.873505,-847.9118,143948940.0,268.95914,0.0,-45.461004,-61.769898,-71.77703,-71.873497,-71.873497,-71.873497,-71.873497,-71.873497
dhdl_modified_8_lambda_3.xvg,0.208,3,0.0,26.412493,-229.25591,143948980.0,314.42015,45.461004,0.0,-16.308894,-26.316026,-26.412493,-26.412493,-26.412493,-26.412493,-26.412493
dhdl_modified_8_lambda_4.xvg,0.208,4,0.0,10.103599,-172.97058,143949000.0,330.72904,61.769898,16.308894,0.0,-10.007131,-10.103599,-10.103599,-10.103599,-10.103599,-10.103599
dhdl_modified_8_lambda_5.xvg,0.208,5,0.0,0.09646713,-12.041492,143949010.0,340.73617,71.77703,26.316026,10.007131,0.0,-0.09646713,-0.09646713,-0.09646713,-0.09646713,-0.09646713
dhdl_modified_8_lambda_6.xvg,0.208,6,0.0,0.0,0.0,143949010.0,340.83264,71.873497,26.412493,10.103599,0.09646713,0.0,0.0,0.0,0.0,0.0
dhdl_modified_8_lambda_7.xvg,0.208,7,0.0,0.0,0.0,143949010.0,340.83264,71.873497,26.412493,10.103599,0.09646713,0.0,0.0,0.0,0.0,0.0
dhdl_modified_8_lambda_8.xvg,0.208,8,0.0,0.0,0.0,143949010.0,340.83264,71.873497,26.412493,10.103599,0.09646713,0.0,0.0,0.0,0.0,0.0
dhdl_modified_8_lambda_9.xvg,0.208,9,0.0,0.0,0.0,143949010.0,340.83264,71.873497,26.412493,10.103599,0.09646713,0.0,0.0,0.0,0.0,0.0
dhdl_modified_8_lambda_10.xvg,0.208,10,0.0,0.0,0.0,143949010.0,340.83264,71.873497,26.412493,10.103599,0.09646713,0.0,0.0,0.0,0.0,0.0
dhdl_modified_9_lambda_0.xvg,0.209,0,0.0,30171363000000.0,-1585151700000.0,0.0,-135934540.0,-135934810.0,-135934850.0,-135934870.0,-135934880.0,-135934880.0,-135934880.0,-135934880.0,-135934880.0,-135934880.0
dhdl_modified_9_lambda_1.xvg,0.209,1,0.0,340.79938,-7362.353,135934540.0,0.0,-268.92899,-314.38724,-330.69597,-340.70239,-340.7988,-340.7988,-340.7988,-340.7988,-340.7988
dhdl_modified_9_lambda_2.xvg,0.209,2,0.0,71.86982,-847.85107,135934810.0,268.92899,0.0,-45.458254,-61.766989,-71.773403,-71.869812,-71.869812,-71.869812,-71.869812,-71.869812
dhdl_modified_9_lambda_3.xvg,0.209,3,0.0,26.411558,-229.24496,135934850.0,314.38724,45.458254,0.0,-16.308735,-26.315149,-26.411558,-26.411558,-26.411558,-26.411558,-26.411558
dhdl_modified_9_lambda_4.xvg,0.209,4,0.0,10.102823,-172.97319,135934870.0,330.69597,61.766989,16.308735,0.0,-10.006414,-10.102823,-10.102823,-10.102823,-10.102823,-10.102823
dhdl_modified_9_lambda_5.xvg,0.209,5,0.0,0.096409351,-12.036824,135934880.0,340.70239,71.773403,26.315149,10.006414,0.0,-0.096409351,-0.096409351,-0.096409351,-0.096409351,-0.096409351
dhdl_modified_9_lambda_6.xvg,0.209,6,0.0,0.0,0.0,135934880.0,340.7988,71.869812,26.411558,10.102823,0.096409351,0.0,0.0,0.0,0.0,0.0
dhdl_modified_9_lambda_7.xvg,0.209,7,0.0,0.0,0.0,135934880.0,340.7988,71.869812,26.411558,10.102823,0.096409351,0.0,0.0,0.0,0.0,0.0
dhdl_modified_9_lambda_8.xvg,0.209,8,0.0,0.0,0.0,135934880.0,340.7988,71.869812,26.411558,10.102823,0.096409351,0.0,0.0,0.0,0.0,0.0
dhdl_modified_9_lambda_9.xvg,0.209,9,0.0,0.0,0.0,135934880.0,340.7988,71.869812,26.411558,10.102823,0.096409351,0.0,0.0,0.0,0.0,0.0
dhdl_modified_9_lambda_10.xvg,0.209,10,0.0,0.0,0.0,135934880.0,340.7988,71.869812,26.411558,10.102823,0.096409351,0.0,0.0,0.0,0.0,0.0
dhdl_modified_10_lambda_0.xvg,0.21,0,0.0,26665678000000.0,-1455241800000.0,0.0,-128401830.0,-128402100.0,-128402140.0,-128402160.0,-128402170.0,-128402170.0,-128402170.0,-128402170.0,-128402170.0,-128402170.0
dhdl_modified_10_lambda_1.xvg,0.21,1,0.0,340.7648,-7361.2686,128401830.0,0.0,-268.89813,-314.35358,-330.66213,-340.66784,-340.76419,-340.76419,-340.76419,-340.76419,-340.76419
dhdl_modified_10_lambda_2.xvg,0.21,2,0.0,71.866066,-847.78912,128402100.0,268.89813,0.0,-45.455446,-61.764,-71.769707,-71.866058,-71.866058,-71.866058,-71.866058,-71.866058
dhdl_modified_10_lambda_3.xvg,0.21,3,0.0,26.410612,-229.23392,128402140.0,314.35358,45.455446,0.0,-16.308554,-26.314261,-26.410612,-26.410612,-26.410612,-26.410612,-26.410612
dhdl_modified_10_lambda_4.xvg,0.21,4,0.0,10.102058,-172.97533,128402160.0,330.66213,61.764,16.308554,0.0,-10.005707,-10.102058,-10.102058,-10.102058,-10.102058,-10.102058
dhdl_modified_10_lambda_5.xvg,0.21,5,0.0,0.096351482,-12.032,128402170.0,340.66784,71.769707,26.314261,10.005707,0.0,-0.096351482,-0.096351482,-0.096351482,-0.096351482,-0.096351482
dhdl_modified_10_lambda_6.xvg,0.21,6,0.0,0.0,0.0,128402170.0,340.76419,71.866058,26.410612,10.102058,0.096351482,0.0,0.0,0.0,0.0,0.0
dhdl_modified_10_lambda_7.xvg,0.21,7,0.0,0.0,0.0,128402170.0,340.76419,71.866058,26.410612,10.102058,0.096351482,0.0,0.0,0.0,0.0,0.0
dhdl_modified_10_lambda_8.xvg,0.21,8,0.0,0.0,0.0,128402170.0,340.76419,71.866058,26.410612,10.102058,0.096351482,0.0,0.0,0.0,0.0,0.0
dhdl_modified_10_lambda_9.xvg,0.21,9,0.0,0.0,0.0,128402170.0,340.76419,71.866058,26.410612,10.102058,0.096351482,0.0,0.0,0.0,0.0,0.0
dhdl_modified_10_lambda_10.xvg,0.21,10,0.0,0.0,0.0,128402170.0,340.76419,71.866058,26.410612,10.102058,0.096351482,0.0,0.0,0.0,0.0,0.0
dhdl_modified_11_lambda_0.xvg,0.211,0,0.0,23581013000000.0,-1336515000000.0,0.0,-121318980.0,-121319250.0,-121319290.0,-121319310.0,-121319320.0,-121319320.0,-121319320.0,-121319320.0,-121319320.0,-121319320.0
dhdl_modified_11_lambda_1.xvg,0.211,1,0.0,340.72934,-7360.1567,121318980.0,0.0,-268.86649,-314.31906,-330.62743,-340.63241,-340.7287,-340.7287,-340.7287,-340.7287,-340.7287
dhdl_modified_11_lambda_2.xvg,0.211,2,0.0,71.862221,-847.72565,121319250.0,268.86649,0.0,-45.452578,-61.760945,-71.765926,-71.862213,-71.862213,-71.862213,-71.862213,-71.862213
dhdl_modified_11_lambda_3.xvg,0.211,3,0.0,26.409636,-229.2225,121319290.0,314.31906,45.452578,0.0,-16.308368,-26.313348,-26.409636,-26.409636,-26.409636,-26.409636,-26.409636
dhdl_modified_11_lambda_4.xvg,0.211,4,0.0,10.101268,-172.97758,121319310.0,330.62743,61.760945,16.308368,0.0,-10.004981,-10.101268,-10.101268,-10.101268,-10.101268,-10.101268
dhdl_modified_11_lambda_5.xvg,0.211,5,0.0,0.096287154,-12.026759,121319320.0,340.63241,71.765926,26.313348,10.004981,0.0,-0.096287154,-0.096287154,-0.096287154,-0.096287154,-0.096287154
dhdl_modified_11_lambda_6.xvg,0.211,6,0.0,0.0,0.0,121319320.0,340.7287,71.862213,26.409636,10.101268,0.096287154,0.0,0.0,0.0,0.0,0.0
dhdl_modified_11_lambda_7.xvg,0.211,7,0.0,0.0,0.0,121319320.0,340.7287,71.862213,26.409636,10.101268,0.096287154,0.0,0.0,0.0,0.0,0.0
dhdl_modified_11_lambda_8.xvg,0.211,8,0.0,0.0,0.0,121319320.0,340.7287,71.862213,26.409636,10.101268,0.096287154,0.0,0.0,0.0,0.0,0.0
dhdl_modified_11_lambda_9.xvg,0.211,9,0.0,0.0,0.0,121319320.0,340.7287,71.862213,26.409636,10.101268,0.096287154,0.0,0.0,0.0,0.0,0.0
dhdl_modified_11_lambda_10.xvg,0.211,10,0.0,0.0,0.0,121319320.0,340.7287,71.862213,26.409636,10.101268,0.096287154,0.0,0.0,0.0,0.0,0.0
dhdl_modified_12_lambda_0.xvg,0.212,0,0.0,20865306000000.0,-1227969100000.0,0.0,-114657620.0,-114657890.0,-114657930.0,-114657950.0,-114657960.0,-114657960.0,-114657960.0,-114657960.0,-114657960.0,-114657960.0
dhdl_modified_12_lambda_1.xvg,0.212,1,0.0,340.69302,-7359.0186,114657620.0,0.0,-268.83408,-314.2837,-330.59192,-340.59612,-340.69235,-340.69235,-340.69235,-340.69235,-340.69235
dhdl_modified_12_lambda_2.xvg,0.212,2,0.0,71.858276,-847.66046,114657890.0,268.83408,0.0,-45.449621,-61.757835,-71.762039,-71.858269,-71.858269,-71.858269,-71.858269,-71.858269
dhdl_modified_12_lambda_3.xvg,0.212,3,0.0,26.408648,-229.21094,114657930.0,314.2837,45.449621,0.0,-16.308214,-26.312418,-26.408648,-26.408648,-26.408648,-26.408648,-26.408648
dhdl_modified_12_lambda_4.xvg,0.212,4,0.0,10.100433,-172.98039,114657950.0,330.59192,61.757835,16.308214,0.0,-10.004204,-10.100433,-10.100433,-10.100433,-10.100433,-10.100433
dhdl_modified_12_lambda_5.xvg,0.212,5,0.0,0.096229412,-12.021925,114657960.0,340.59612,71.762039,26.312418,10.004204,0.0,-0.096229412,-0.096229412,-0.096229412,-0.096229412,-0.096229412
dhdl_modified_12_lambda_6.xvg,0.212,6,0.0,0.0,0.0,114657960.0,340.69235,71.858269,26.408648,10.100433,0.096229412,0.0,0.0,0.0,0.0,0.0
dhdl_modified_12_lambda_7.xvg,0.212,7,0.0,0.0,0.0,114657960.0,340.69235,71.858269,26.408648,10.100433,0.096229412,0.0,0.0,0.0,0.0,0.0
dhdl_modified_12_lambda_8.xvg,0.212,8,0.0,0.0,0.0,114657960.0,340.69235,71.858269,26.408648,10.100433,0.096229412,0.0,0.0,0.0,0.0,0.0
dhdl_modified_12_lambda_9.xvg,0.212,9,0.0,0.0,0.0,114657960.0,340.69235,71.858269,26.408648,10.100433,0.096229412,0.0,0.0,0.0,0.0,0.0
dhdl_modified_12_lambda_10.xvg,0.212,10,0.0,0.0,0.0,114657960.0,340.69235,71.858269,26.408648,10.100433,0.096229412,0.0,0.0,0.0,0.0,0.0
dhdl_modified_13_lambda_0.xvg,0.213,0,0.0,18472870000000.0,-1128683900000.0,0.0,-108390520.0,-108390780.0,-108390830.0,-108390850.0,-108390860.0,-108390860.0,-108390860.0,-108390860.0,-108390860.0,-108390860.0
dhdl_modified_13_lambda_1.xvg,0.213,1,0.0,340.65598,-7357.8574,108390520.0,0.0,-268.80104,-314.24765,-330.55565,-340.55911,-340.65527,-340.65527,-340.65527,-340.65527,-340.65527
dhdl_modified_13_lambda_2.xvg,0.213,2,0.0,71.85424,-847.59393,108390780.0,268.80104,0.0,-45.446606,-61.754605,-71.758068,-71.854233,-71.854233,-71.854233,-71.854233,-71.854233
dhdl_modified_13_lambda_3.xvg,0.213,3,0.0,26.407627,-229.19901,108390830.0,314.24765,45.446606,0.0,-16.308,-26.311462,-26.407627,-26.407627,-26.407627,-26.407627,-26.407627
dhdl_modified_13_lambda_4.xvg,0.213,4,0.0,10.099627,-172.9823,108390850.0,330.55565,61.754605,16.308,0.0,-10.003463,-10.099627,-10.099627,-10.099627,-10.099627,-10.099627
dhdl_modified_13_lambda_5.xvg,0.213,5,0.0,0.096164651,-12.016593,108390860.0,340.55911,71.758068,26.311462,10.003463,0.0,-0.096164651,-0.096164651,-0.096164651,-0.096164651,-0.096164651
dhdl_modified_13_lambda_6.xvg,0.213,6,0.0,0.0,0.0,108390860.0,340.65527,71.854233,26.407627,10.099627,0.096164651,0.0,0.0,0.0,0.0,0.0
dhdl_modified_13_lambda_7.xvg,0.213,7,0.0,0.0,0.0,108390860.0,340.65527,71.854233,26.407627,10.099627,0.096164651,0.0,0.0,0.0,0.0,0.0
dhdl_modified_13_lambda_8.xvg,0.213,8,0.0,0.0,0.0,108390860.0,340.65527,71.854233,26.407627,10.099627,0.096164651,0.0,0.0,0.0,0.0,0.0
dhdl_modified_13_lambda_9.xvg,0.213,9,0.0,0.0,0.0,108390860.0,340.65527,71.854233,26.407627,10.099627,0.096164651,0.0,0.0,0.0,0.0,0.0
dhdl_modified_13_lambda_10.xvg,0.213,10,0.0,0.0,0.0,108390860.0,340.65527,71.854233,26.407627,10.099627,0.096164651,0.0,0.0,0.0,0.0,0.0
dhdl_modified_14_lambda_0.xvg,0.214,0,0.0,16364107000000.0,-1037836900000.0,0.0,-102492980.0,-102493250.0,-102493290.0,-102493310.0,-102493320.0,-102493320.0,-102493320.0,-102493320.0,-102493320.0,-102493320.0
dhdl_modified_14_lambda_1.xvg,0.214,1,0.0,340.61792,-7356.666,102492980.0,0.0,-268.7671,-314.21061,-330.51842,-340.52109,-340.61719,-340.61719,-340.61719,-340.61719,-340.61719
dhdl_modified_14_lambda_2.xvg,0.214,2,0.0,71.850098,-847.5257,102493250.0,268.7671,0.0,-45.443508,-61.751327,-71.75399,-71.85009,-71.85009,-71.85009,-71.85009,-71.85009
dhdl_modified_14_lambda_3.xvg,0.214,3,0.0,26.406582,-229.18684,102493290.0,314.21061,45.443508,0.0,-16.307818,-26.310482,-26.406582,-26.406582,-26.406582,-26.406582,-26.406582
dhdl_modified_14_lambda_4.xvg,0.214,4,0.0,10.098763,-172.98515,102493310.0,330.51842,61.751327,16.307818,0.0,-10.002664,-10.098763,-10.098763,-10.098763,-10.098763,-10.098763
dhdl_modified_14_lambda_5.xvg,0.214,5,0.0,0.09609995,-12.011321,102493320.0,340.52109,71.75399,26.310482,10.002664,0.0,-0.09609995,-0.09609995,-0.09609995,-0.09609995,-0.09609995
dhdl_modified_14_lambda_6.xvg,0.214,6,0.0,0.0,0.0,102493320.0,340.61719,71.85009,26.406582,10.098763,0.09609995,0.0,0.0,0.0,0.0,0.0
dhdl_modified_14_lambda_7.xvg,0.214,7,0.0,0.0,0.0,102493320.0,340.61719,71.85009,26.406582,10.098763,0.09609995,0.0,0.0,0.0,0.0,0.0
dhdl_modified_14_lambda_8.xvg,0.214,8,0.0,0.0,0.0,102493320.0,340.61719,71.85009,26.406582,10.098763,0.09609995,0.0,0.0,0.0,0.0,0.0
dhdl_modified_14_lambda_9.xvg,0.214,9,0.0,0.0,0.0,102493320.0,340.61719,71.85009,26.406582,10.098763,0.09609995,0.0,0.0,0.0,0.0,0.0
dhdl_modified_14_lambda_10.xvg,0.214,10,0.0,0.0,0.0,102493320.0,340.61719,71.85009,26.406582,10.098763,0.09609995,0.0,0.0,0.0,0.0,0.0
dhdl_modified_15_lambda_0.xvg,0.215,0,0.0,14504169000000.0,-954671370000.0,0.0,-96941323.0,-96941592.0,-96941638.0,-96941654.0,-96941664.0,-96941664.0,-96941664.0,-96941664.0,-96941664.0,-96941664.0
dhdl_modified_15_lambda_1.xvg,0.215,1,0.0,340.5791,-7355.4487,96941323.0,0.0,-268.73245,-314.17282,-330.48042,-340.4823,-340.57834,-340.57834,-340.57834,-340.57834,-340.57834
dhdl_modified_15_lambda_2.xvg,0.215,2,0.0,71.845894,-847.45636,96941592.0,268.73245,0.0,-45.440372,-61.747964,-71.749848,-71.845886,-71.845886,-71.845886,-71.845886,-71.845886
dhdl_modified_15_lambda_3.xvg,0.215,3,0.0,26.405514,-229.17432,96941638.0,314.17282,45.440372,0.0,-16.307591,-26.309476,-26.405514,-26.405514,-26.405514,-26.405514,-26.405514
dhdl_modified_15_lambda_4.xvg,0.215,4,0.0,10.097922,-172.98701,96941654.0,330.48042,61.747964,16.307591,0.0,-10.001885,-10.097922,-10.097922,-10.097922,-10.097922,-10.097922
dhdl_modified_15_lambda_5.xvg,0.215,5,0.0,0.096037745,-12.006058,96941664.0,340.4823,71.749848,26.309476,10.001885,0.0,-0.096037745,-0.096037745,-0.096037745,-0.096037745,-0.096037745
dhdl_modified_15_lambda_6.xvg,0.215,6,0.0,0.0,0.0,96941664.0,340.57834,71.845886,26.405514,10.097922,0.096037745,0.0,0.0,0.0,0.0,0.0
dhdl_modified_15_lambda_7.xvg,0.215,7,0.0,0.0,0.0,96941664.0,340.57834,71.845886,26.405514,10.097922,0.096037745,0.0,0.0,0.0,0.0,0.0
dhdl_modified_15_lambda_8.xvg,0.215,8,0.0,0.0,0.0,96941664.0,340.57834,71.845886,26.405514,10.097922,0.096037745,0.0,0.0,0.0,0.0,0.0
dhdl_modified_15_lambda_9.xvg,0.215,9,0.0,0.0,0.0,96941664.0,340.57834,71.845886,26.405514,10.097922,0.096037745,0.0,0.0,0.0,0.0,0.0
dhdl_modified_15_lambda_10.xvg,0.215,10,0.0,0.0,0.0,96941664.0,340.57834,71.845886,26.405514,10.097922,0.096037745,0.0,0.0,0.0,0.0,0.0
dhdl_modified_16_lambda_0.xvg,0.216,0,0.0,12862836000000.0,-878510800000.0,0.0,-91714083.0,-91714352.0,-91714398.0,-91714414.0,-91714424.0,-91714424.0,-91714424.0,-91714424.0,-91714424.0,-91714424.0
dhdl_modified_16_lambda_1.xvg,0.216,1,0.0,340.53931,-7354.2012,91714083.0,0.0,-268.69694,-314.13406,-330.44148,-340.44251,-340.53848,-340.53848,-340.53848,-340.53848,-340.53848
dhdl_modified_16_lambda_2.xvg,0.216,2,0.0,71.841553,-847.3847,91714352.0,268.69694,0.0,-45.43712,-61.744539,-71.745574,-71.841545,-71.841545,-71.841545,-71.841545,-71.841545
dhdl_modified_16_lambda_3.xvg,0.216,3,0.0,26.404425,-229.16159,91714398.0,314.13406,45.43712,0.0,-16.307419,-26.308454,-26.404425,-26.404425,-26.404425,-26.404425,-26.404425
dhdl_modified_16_lambda_4.xvg,0.216,4,0.0,10.097006,-172.99017,91714414.0,330.44148,61.744539,16.307419,0.0,-10.001035,-10.097006,-10.097006,-10.097006,-10.097006,-10.097006
dhdl_modified_16_lambda_5.xvg,0.216,5,0.0,0.095970608,-12.000538,91714424.0,340.44251,71.745574,26.308454,10.001035,0.0,-0.095970608,-0.095970608,-0.095970608,-0.095970608,-0.095970608
dhdl_modified_16_lambda_6.xvg,0.216,6,0.0,0.0,0.0,91714424.0,340.53848,71.841545,26.404425,10.097006,0.095970608,0.0,0.0,0.0,0.0,0.0
dhdl_modified_16_lambda_7.xvg,0.216,7,0.0,0.0,0.0,91714424.0,340.53848,71.841545,26.404425,10.097006,0.095970608,0.0,0.0,0.0,0.0,0.0
dhdl_modified_16_lambda_8.xvg,0.216,8,0.0,0.0,0.0,91714424.0,340.53848,71.841545,26.404425,10.097006,0.095970608,0.0,0.0,0.0,0.0,0.0
dhdl_modified_16_lambda_9.xvg,0.216,9,0.0,0.0,0.0,91714424.0,340.53848,71.841545,26.404425,10.097006,0.095970608,0.0,0.0,0.0,0.0,0.0
dhdl_modified_16_lambda_10.xvg,0.216,10,0.0,0.0,0.0,91714424.0,340.53848,71.841545,26.404425,10.097006,0.095970608,0.0,0.0,0.0,0.0,0.0
dhdl_modified_17_lambda_0.xvg,0.217,0,0.0,11413552000000.0,-808735740000.0,0.0,-86790844.0,-86791112.0,-86791158.0,-86791174.0,-86791184.0,-86791184.0,-86791184.0,-86791184.0,-86791184.0,-86791184.0
dhdl_modified_17_lambda_1.xvg,0.217,1,0.0,340.49857,-7352.9258,86790844.0,0.0,-268.66058,-314.09441,-330.4016,-340.40181,-340.49771,-340.49771,-340.49771,-340.49771,-340.49771
dhdl_modified_17_lambda_2.xvg,0.217,2,0.0,71.837143,-847.31189,86791112.0,268.66058,0.0,-45.433834,-61.74102,-71.741235,-71.837135,-71.837135,-71.837135,-71.837135,-71.837135
dhdl_modified_17_lambda_3.xvg,0.217,3,0.0,26.403301,-229.14844,86791158.0,314.09441,45.433834,0.0,-16.307186,-26.307401,-26.403301,-26.403301,-26.403301,-26.403301,-26.403301
dhdl_modified_17_lambda_4.xvg,0.217,4,0.0,10.096115,-172.99242,86791174.0,330.4016,61.74102,16.307186,0.0,-10.000215,-10.096115,-10.096115,-10.096115,-10.096115,-10.096115
dhdl_modified_17_lambda_5.xvg,0.217,5,0.0,0.095900081,-11.994625,86791184.0,340.40181,71.741235,26.307401,10.000215,0.0,-0.095900081,-0.095900081,-0.095900081,-0.095900081,-0.095900081
dhdl_modified_17_lambda_6.xvg,0.217,6,0.0,0.0,0.0,86791184.0,340.49771,71.837135,26.403301,10.096115,0.095900081,0.0,0.0,0.0,0.0,0.0
dhdl_modified_17_lambda_7.xvg,0.217,7,0.0,0.0,0.0,86791184.0,340.49771,71.837135,26.403301,10.096115,0.095900081,0.0,0.0,0.0,0.0,0.0
dhdl_modified_17_lambda_8.xvg,0.217,8,0.0,0.0,0.0,86791184.0,340.49771,71.837135,26.403301,10.096115,0.095900081,0.0,0.0,0.0,0.0,0.0
dhdl_modified_17_lambda_9.xvg,0.217,9,0.0,0.0,0.0,86791184.0,340.49771,71.837135,26.403301,10.096115,0.095900081,0.0,0.0,0.0,0.0,0.0
dhdl_modified_17_lambda_10.xvg,0.217,10,0.0,0.0,0.0,86791184.0,340.49771,71.837135,26.403301,10.096115,0.095900081,0.0,0.0,0.0,0.0,0.0
dhdl_modified_18_lambda_0.xvg,0.218,0,0.0,10133062000000.0,-744782630000.0,0.0,-82152484.0,-82152752.0,-82152798.0,-82152814.0,-82152824.0,-82152824.0,-82152824.0,-82152824.0,-82152824.0,-82152824.0
dhdl_modified_18_lambda_1.xvg,0.218,1,0.0,340.45694,-7351.6216,82152484.0,0.0,-268.62345,-314.0539,-330.36089,-340.36022,-340.45605,-340.45605,-340.45605,-340.45605,-340.45605
dhdl_modified_18_lambda_2.xvg,0.218,2,0.0,71.832611,-847.23718,82152752.0,268.62345,0.0,-45.430445,-61.73744,-71.73677,-71.832603,-71.832603,-71.832603,-71.832603,-71.832603
dhdl_modified_18_lambda_3.xvg,0.218,3,0.0,26.402159,-229.13507,82152798.0,314.0539,45.430445,0.0,-16.306995,-26.306326,-26.402159,-26.402159,-26.402159,-26.402159,-26.402159
dhdl_modified_18_lambda_4.xvg,0.218,4,0.0,10.095163,-172.99551,82152814.0,330.36089,61.73744,16.306995,0.0,-9.9993303,-10.095163,-10.095163,-10.095163,-10.095163,-10.095163
dhdl_modified_18_lambda_5.xvg,0.218,5,0.0,0.095833085,-11.989091,82152824.0,340.36022,71.73677,26.306326,9.9993303,0.0,-0.095833085,-0.095833085,-0.095833085,-0.095833085,-0.095833085
dhdl_modified_18_lambda_6.xvg,0.218,6,0.0,0.0,0.0,82152824.0,340.45605,71.832603,26.402159,10.095163,0.095833085,0.0,0.0,0.0,0.0,0.0
dhdl_modified_18_lambda_7.xvg,0.218,7,0.0,0.0,0.0,82152824.0,340.45605,71.832603,26.402159,10.095163,0.095833085,0.0,0.0,0.0,0.0,0.0
dhdl_modified_18_lambda_8.xvg,0.218,8,0.0,0.0,0.0,82152824.0,340.45605,71.832603,26.402159,10.095163,0.095833085,0.0,0.0,0.0,0.0,0.0
dhdl_modified_18_lambda_9.xvg,0.218,9,0.0,0.0,0.0,82152824.0,340.45605,71.832603,26.402159,10.095163,0.095833085,0.0,0.0,0.0,0.0,0.0
dhdl_modified_18_lambda_10.xvg,0.218,10,0.0,0.0,0.0,82152824.0,340.45605,71.832603,26.402159,10.095163,0.095833085,0.0,0.0,0.0,0.0,0.0
dhdl_modified_19_lambda_0.xvg,0.219,0,0.0,9001142100000.0,-686145990000.0,0.0,-77781596.0,-77781864.0,-77781910.0,-77781926.0,-77781936.0,-77781936.0,-77781936.0,-77781936.0,-77781936.0,-77781936.0
dhdl_modified_19_lambda_1.xvg,0.219,1,0.0,340.41443,-7350.2896,77781596.0,0.0,-268.58555,-314.01253,-330.31929,-340.31775,-340.41351,-340.41351,-340.41351,-340.41351,-340.41351
dhdl_modified_19_lambda_2.xvg,0.219,2,0.0,71.827972,-847.16064,77781864.0,268.58555,0.0,-45.426979,-61.733744,-71.732203,-71.827965,-71.827965,-71.827965,-71.827965,-71.827965
dhdl_modified_19_lambda_3.xvg,0.219,3,0.0,26.400986,-229.12138,77781910.0,314.01253,45.426979,0.0,-16.306765,-26.305224,-26.400986,-26.400986,-26.400986,-26.400986,-26.400986
dhdl_modified_19_lambda_4.xvg,0.219,4,0.0,10.094221,-172.99809,77781926.0,330.31929,61.733744,16.306765,0.0,-9.9984589,-10.094221,-10.094221,-10.094221,-10.094221,-10.094221
dhdl_modified_19_lambda_5.xvg,0.219,5,0.0,0.095762171,-11.98316,77781936.0,340.31775,71.732203,26.305224,9.9984589,0.0,-0.095762171,-0.095762171,-0.095762171,-0.095762171,-0.095762171
dhdl_modified_19_lambda_6.xvg,0.219,6,0.0,0.0,0.0,77781936.0,340.41351,71.827965,26.400986,10.094221,0.095762171,0.0,0.0,0.0,0.0,0.0
dhdl_modified_19_lambda_7.xvg,0.219,7,0.0,0.0,0.0,77781936.0,340.41351,71.827965,26.400986,10.094221,0.095762171,0.0,0.0,0.0,0.0,0.0
dhdl_modified_19_lambda_8.xvg,0.219,8,0.0,0.0,0.0,77781936.0,340.41351,71.827965,26.400986,10.094221,0.095762171,0.0,0.0,0.0,0.0,0.0
dhdl_modified_19_lambda_9.xvg,0.219,9,0.0,0.0,0.0,77781936.0,340.41351,71.827965,26.400986,10.094221,0.095762171,0.0,0.0,0.0,0.0,0.0
dhdl_modified_19_lambda_10.xvg,0.219,10,0.0,0.0,0.0,77781936.0,340.41351,71.827965,26.400986,10.094221,0.095762171,0.0,0.0,0.0,0.0,0.0
dhdl_modified_20_lambda_0.xvg,0.22,0,0.0,7999925500000.0,-632359160000.0,0.0,-73661364.0,-73661632.0,-73661678.0,-73661694.0,-73661704.0,-73661704.0,-73661704.0,-73661704.0,-73661704.0,-73661704.0
dhdl_modified_20_lambda_1.xvg,0.22,1,0.0,340.37082,-7348.9229,73661364.0,0.0,-268.54661,-313.97006,-330.27661,-340.27416,-340.36984,-340.36984,-340.36984,-340.36984,-340.36984
dhdl_modified_20_lambda_2.xvg,0.22,2,0.0,71.82325,-847.08258,73661632.0,268.54661,0.0,-45.423449,-61.730003,-71.727551,-71.823235,-71.823235,-71.823235,-71.823235,-71.823235
dhdl_modified_20_lambda_3.xvg,0.22,3,0.0,26.399786,-229.10736,73661678.0,313.97006,45.423449,0.0,-16.306555,-26.304103,-26.399786,-26.399786,-26.399786,-26.399786,-26.399786
dhdl_modified_20_lambda_4.xvg,0.22,4,0.0,10.093232,-173.00108,73661694.0,330.27661,61.730003,16.306555,0.0,-9.9975478,-10.093231,-10.093231,-10.093231,-10.093231,-10.093231
dhdl_modified_20_lambda_5.xvg,0.22,5,0.0,0.095683374,-11.976801,73661704.0,340.27416,71.727551,26.304103,9.9975478,0.0,-0.095683374,-0.095683374,-0.095683374,-0.095683374,-0.095683374
dhdl_modified_20_lambda_6.xvg,0.22,6,0.0,0.0,0.0,73661704.0,340.36984,71.823235,26.399786,10.093231,0.095683374,0.0,0.0,0.0,0.0,0.0
dhdl_modified_20_lambda_7.xvg,0.22,7,0.0,0.0,0.0,73661704.0,340.36984,71.823235,26.399786,10.093231,0.095683374,0.0,0.0,0.0,0.0,0.0
dhdl_modified_20_lambda_8.xvg,0.22,8,0.0,0.0,0.0,73661704.0,340.36984,71.823235,26.399786,10.093231,0.095683374,0.0,0.0,0.0,0.0,0.0
dhdl_modified_20_lambda_9.xvg,0.22,9,0.0,0.0,0.0,73661704.0,340.36984,71.823235,26.399786,10.093231,0.095683374,0.0,0.0,0.0,0.0,0.0
dhdl_modified_20_lambda_10.xvg,0.22,10,0.0,0.0,0.0,73661704.0,340.36984,71.823235,26.399786,10.093231,0.095683374,0.0,0.0,0.0,0.0,0.0
dhdl_modified_21_lambda_0.xvg,0.221,0,0.0,7113897700000.0,-583005370000.0,0.0,-69776676.0,-69776944.0,-69776990.0,-69777006.0,-69777016.0,-69777016.0,-69777016.0,-69777016.0,-69777016.0,-69777016.0
dhdl_modified_21_lambda_1.xvg,0.221,1,0.0,340.3262,-7347.5264,69776676.0,0.0,-268.5068,-313.92663,-330.23297,-340.22959,-340.3252,-340.3252,-340.3252,-340.3252,-340.3252
dhdl_modified_21_lambda_2.xvg,0.221,2,0.0,71.818413,-847.00281,69776944.0,268.5068,0.0,-45.41983,-61.726176,-71.722788,-71.818398,-71.818398,-71.818398,-71.818398,-71.818398
dhdl_modified_21_lambda_3.xvg,0.221,3,0.0,26.398567,-229.09308,69776990.0,313.92663,45.41983,0.0,-16.306346,-26.302958,-26.398567,-26.398567,-26.398567,-26.398567,-26.398567
dhdl_modified_21_lambda_4.xvg,0.221,4,0.0,10.092222,-173.00433,69777006.0,330.23297,61.726176,16.306346,0.0,-9.9966117,-10.092221,-10.092221,-10.092221,-10.092221,-10.092221
dhdl_modified_21_lambda_5.xvg,0.221,5,0.0,0.09560959,-11.97061,69777016.0,340.22959,71.722788,26.302958,9.9966117,0.0,-0.09560959,-0.09560959,-0.09560959,-0.09560959,-0.09560959
dhdl_modified_21_lambda_6.xvg,0.221,6,0.0,0.0,0.0,69777016.0,340.3252,71.818398,26.398567,10.092221,0.09560959,0.0,0.0,0.0,0.0,0.0
dhdl_modified_21_lambda_7.xvg,0.221,7,0.0,0.0,0.0,69777016.0,340.3252,71.818398,26.398567,10.092221,0.09560959,0.0,0.0,0.0,0.0,0.0
dhdl_modified_21_lambda_8.xvg,0.221,8,0.0,0.0,0.0,69777016.0,340.3252,71.818398,26.398567,10.092221,0.09560959,0.0,0.0,0.0,0.0,0.0
dhdl_modified_21_lambda_9.xvg,0.221,9,0.0,0.0,0.0,69777016.0,340.3252,71.818398,26.398567,10.092221,0.09560959,0.0,0.0,0.0,0.0,0.0
dhdl_modified_21_lambda_10.xvg,0.221,10,0.0,0.0,0.0,69777016.0,340.3252,71.818398,26.398567,10.092221,0.09560959,0.0,0.0,0.0,0.0,0.0
dhdl_modified_22_lambda_0.xvg,0.222,0,0.0,6329308500000.0,-537698110000.0,0.0,-66112800.0,-66113068.0,-66113114.0,-66113130.0,-66113140.0,-66113140.0,-66113140.0,-66113140.0,-66113140.0,-66113140.0
dhdl_modified_22_lambda_1.xvg,0.222,1,0.0,340.28067,-7346.0986,66112800.0,0.0,-268.46616,-313.88229,-330.18841,-340.18407,-340.2796,-340.2796,-340.2796,-340.2796,-340.2796
dhdl_modified_22_lambda_2.xvg,0.222,2,0.0,71.813454,-846.9209,66113068.0,268.46616,0.0,-45.416122,-61.722241,-71.717906,-71.813438,-71.813438,-71.813438,-71.813438,-71.813438
dhdl_modified_22_lambda_3.xvg,0.222,3,0.0,26.397316,-229.07848,66113114.0,313.88229,45.416122,0.0,-16.306119,-26.301784,-26.397316,-26.397316,-26.397316,-26.397316,-26.397316
dhdl_modified_22_lambda_4.xvg,0.222,4,0.0,10.091198,-173.00728,66113130.0,330.18841,61.722241,16.306119,0.0,-9.995665,-10.091197,-10.091197,-10.091197,-10.091197,-10.091197
dhdl_modified_22_lambda_5.xvg,0.222,5,0.0,0.095532,-11.96424,66113140.0,340.18407,71.717906,26.301784,9.995665,0.0,-0.095532,-0.095532,-0.095532,-0.095532,-0.095532
