XVG Filename,Distance (nm),Lambda State,Time (ps),Total Energy (kJ/mol),dH/dλ vdw-lambda = 0.0000,ΔH λ to 0.0000,ΔH λ to 0.1000,ΔH λ to 0.2000,ΔH λ to 0.3000,ΔH λ to 0.4000,ΔH λ to 0.5000,ΔH λ to 0.6000,ΔH λ to 0.7000,ΔH λ to 0.8000,ΔH λ to 0.9000,ΔH λ to 1.0000
dhdl_modified_0_lambda_0.xvg,0.2,0,0.0,94233940000000.0,-3487267000000.0,0.0,-229941800.0,-229942070.0,-229942120.0,-229942130.0,-229942140.0,-229942140.0,-229942140.0,-229942140.0,-229942140.0,-229942140.0
dhdl_modified_0_lambda_1.xvg,0.2,1,0.0,341.07617,-7371.0293,229941800.0,0.0,-269.17593,-314.65665,-329.0847,-335.0795,-341.07581,-341.07581,-341.07581,-341.07581,-341.07581
dhdl_modified_0_lambda_2.xvg,0.2,2,0.0,71.899879,-848.34705,229942070.0,269.17593,0.0,-45.480715,-59.908766,-65.903564,-71.899872,-71.899872,-71.899872,-71.899872,-71.899872
dhdl_modified_0_lambda_3.xvg,0.2,3,0.0,26.419157,-229.33388,229942120.0,314.65665,45.480715,0.0,-14.428051,-20.422849,-26.419157,-26.419157,-26.419157,-26.419157,-26.419157
dhdl_modified_0_lambda_4.xvg,0.2,4,0.0,11.991106,-87.416008,229942130.0,329.0847,59.908766,14.428051,0.0,-5.9947982,-11.991106,-11.991106,-11.991106,-11.991106,-11.991106
dhdl_modified_0_lambda_5.xvg,0.2,5,0.0,5.9963078,-39.969414,229942140.0,335.0795,65.903564,20.422849,5.9947982,0.0,-5.9963078,-5.9963078,-5.9963078,-5.9963078,-5.9963078
dhdl_modified_0_lambda_6.xvg,0.2,6,0.0,0.0,0.0,229942140.0,341.07581,71.899872,26.419157,11.991106,5.9963078,0.0,0.0,0.0,0.0,0.0
dhdl_modified_0_lambda_7.xvg,0.2,7,0.0,0.0,0.0,229942140.0,341.07581,71.899872,26.419157,11.991106,5.9963078,0.0,0.0,0.0,0.0,0.0
dhdl_modified_0_lambda_8.xvg,0.2,8,0.0,0.0,0.0,229942140.0,341.07581,71.899872,26.419157,11.991106,5.9963078,0.0,0.0,0.0,0.0,0.0
dhdl_modified_0_lambda_9.xvg,0.2,9,0.0,0.0,0.0,229942140.0,341.07581,71.899872,26.419157,11.991106,5.9963078,0.0,0.0,0.0,0.0,0.0
dhdl_modified_0_lambda_10.xvg,0.2,10,0.0,0.0,0.0,229942140.0,341.07581,71.899872,26.419157,11.991106,5.9963078,0.0,0.0,0.0,0.0,0.0
dhdl_modified_1_lambda_0.xvg,0.201,0,0.0,82826515000000.0,-3189265100000.0,0.0,-216647530.0,-216647800.0,-216647850.0,-216647860.0,-216647870.0,-216647870.0,-216647870.0,-216647870.0,-216647870.0,-216647870.0
dhdl_modified_1_lambda_1.xvg,0.201,1,0.0,341.04831,-7370.1562,216647530.0,0.0,-269.15105,-314.62952,-329.05708,-335.05172,-341.04791,-341.04791,-341.04791,-341.04791,-341.04791
dhdl_modified_1_lambda_2.xvg,0.201,2,0.0,71.896866,-848.29736,216647800.0,269.15105,0.0,-45.478464,-59.906022,-65.900661,-71.896858,-71.896858,-71.896858,-71.896858,-71.896858
dhdl_modified_1_lambda_3.xvg,0.201,3,0.0,26.418394,-229.32492,216647850.0,314.62952,45.478464,0.0,-14.427558,-20.422197,-26.418394,-26.418394,-26.418394,-26.418394,-26.418394
dhdl_modified_1_lambda_4.xvg,0.201,4,0.0,11.990836,-87.41346,216647860.0,329.05708,59.906022,14.427558,0.0,-5.9946394,-11.990836,-11.990836,-11.990836,-11.990836,-11.990836
dhdl_modified_1_lambda_5.xvg,0.201,5,0.0,5.9961967,-39.968491,216647870.0,335.05172,65.900661,20.422197,5.9946394,0.0,-5.9961967,-5.9961967,-5.9961967,-5.9961967,-5.9961967
dhdl_modified_1_lambda_6.xvg,0.201,6,0.0,0.0,0.0,216647870.0,341.04791,71.896858,26.418394,11.990836,5.9961967,0.0,0.0,0.0,0.0,0.0
dhdl_modified_1_lambda_7.xvg,0.201,7,0.0,0.0,0.0,216647870.0,341.04791,71.896858,26.418394,11.990836,5.9961967,0.0,0.0,0.0,0.0,0.0
dhdl_modified_1_lambda_8.xvg,0.201,8,0.0,0.0,0.0,216647870.0,341.04791,71.896858,26.418394,11.990836,5.9961967,0.0,0.0,0.0,0.0,0.0
dhdl_modified_1_lambda_9.xvg,0.201,9,0.0,0.0,0.0,216647870.0,341.04791,71.896858,26.418394,11.990836,5.9961967,0.0,0.0,0.0,0.0,0.0
dhdl_modified_1_lambda_10.xvg,0.201,10,0.0,0.0,0.0,216647870.0,341.04791,71.896858,26.418394,11.990836,5.9961967,0.0,0.0,0.0,0.0,0.0
dhdl_modified_2_lambda_0.xvg,0.202,0,0.0,72845992000000.0,-2918005100000.0,0.0,-204181370.0,-204181640.0,-204181690.0,-204181700.0,-204181710.0,-204181710.0,-204181710.0,-204181710.0,-204181710.0,-204181710.0
dhdl_modified_2_lambda_1.xvg,0.202,1,0.0,341.01978,-7369.2607,204181370.0,0.0,-269.1256,-314.60174,-329.02879,-335.02326,-341.01935,-341.01935,-341.01935,-341.01935,-341.01935
dhdl_modified_2_lambda_2.xvg,0.202,2,0.0,71.893753,-848.24591,204181640.0,269.1256,0.0,-45.476137,-59.903184,-65.897662,-71.893745,-71.893745,-71.893745,-71.893745,-71.893745
dhdl_modified_2_lambda_3.xvg,0.202,3,0.0,26.417608,-229.31575,204181690.0,314.60174,45.476137,0.0,-14.427047,-20.421525,-26.417608,-26.417608,-26.417608,-26.417608,-26.417608
dhdl_modified_2_lambda_4.xvg,0.202,4,0.0,11.990561,-87.410866,204181700.0,329.02879,59.903184,14.427047,0.0,-5.9944782,-11.990561,-11.990561,-11.990561,-11.990561,-11.990561
dhdl_modified_2_lambda_5.xvg,0.202,5,0.0,5.9960833,-39.967552,204181710.0,335.02326,65.897662,20.421525,5.9944782,0.0,-5.9960833,-5.9960833,-5.9960833,-5.9960833,-5.9960833
dhdl_modified_2_lambda_6.xvg,0.202,6,0.0,0.0,0.0,204181710.0,341.01935,71.893745,26.417608,11.990561,5.9960833,0.0,0.0,0.0,0.0,0.0
dhdl_modified_2_lambda_7.xvg,0.202,7,0.0,0.0,0.0,204181710.0,341.01935,71.893745,26.417608,11.990561,5.9960833,0.0,0.0,0.0,0.0,0.0
dhdl_modified_2_lambda_8.xvg,0.202,8,0.0,0.0,0.0,204181710.0,341.01935,71.893745,26.417608,11.990561,5.9960833,0.0,0.0,0.0,0.0,0.0
dhdl_modified_2_lambda_9.xvg,0.202,9,0.0,0.0,0.0,204181710.0,341.01935,71.893745,26.417608,11.990561,5.9960833,0.0,0.0,0.0,0.0,0.0
dhdl_modified_2_lambda_10.xvg,0.202,10,0.0,0.0,0.0,204181710.0,341.01935,71.893745,26.417608,11.990561,5.9960833,0.0,0.0,0.0,0.0,0.0
dhdl_modified_3_lambda_0.xvg,0.203,0,0.0,64108901000000.0,-2670992800000.0,0.0,-192489020.0,-192489290.0,-192489330.0,-192489350.0,-192489350.0,-192489360.0,-192489360.0,-192489360.0,-192489360.0,-192489360.0
dhdl_modified_3_lambda_1.xvg,0.203,1,0.0,340.99051,-7368.3438,192489020.0,0.0,-269.09949,-314.57328,-328.99981,-334.99412,-340.99008,-340.99008,-340.99008,-340.99008,-340.99008
dhdl_modified_3_lambda_2.xvg,0.203,2,0.0,71.890594,-848.19379,192489290.0,269.09949,0.0,-45.473782,-59.900311,-65.89462,-71.890587,-71.890587,-71.890587,-71.890587,-71.890587
dhdl_modified_3_lambda_3.xvg,0.203,3,0.0,26.416805,-229.30634,192489330.0,314.57328,45.473782,0.0,-14.426529,-20.420839,-26.416805,-26.416805,-26.416805,-26.416805,-26.416805
dhdl_modified_3_lambda_4.xvg,0.203,4,0.0,11.990276,-87.408188,192489350.0,328.99981,59.900311,14.426529,0.0,-5.9943099,-11.990276,-11.990276,-11.990276,-11.990276,-11.990276
dhdl_modified_3_lambda_5.xvg,0.203,5,0.0,5.9959664,-39.966579,192489350.0,334.99412,65.89462,20.420839,5.9943099,0.0,-5.9959664,-5.9959664,-5.9959664,-5.9959664,-5.9959664
dhdl_modified_3_lambda_6.xvg,0.203,6,0.0,0.0,0.0,192489360.0,340.99008,71.890587,26.416805,11.990276,5.9959664,0.0,0.0,0.0,0.0,0.0
dhdl_modified_3_lambda_7.xvg,0.203,7,0.0,0.0,0.0,192489360.0,340.99008,71.890587,26.416805,11.990276,5.9959664,0.0,0.0,0.0,0.0,0.0
dhdl_modified_3_lambda_8.xvg,0.203,8,0.0,0.0,0.0,192489360.0,340.99008,71.890587,26.416805,11.990276,5.9959664,0.0,0.0,0.0,0.0,0.0
dhdl_modified_3_lambda_9.xvg,0.203,9,0.0,0.0,0.0,192489360.0,340.99008,71.890587,26.416805,11.990276,5.9959664,0.0,0.0,0.0,0.0,0.0
dhdl_modified_3_lambda_10.xvg,0.203,10,0.0,0.0,0.0,192489360.0,340.99008,71.890587,26.416805,11.990276,5.9959664,0.0,0.0,0.0,0.0,0.0
dhdl_modified_4_lambda_0.xvg,0.204,0,0.0,56454799000000.0,-2445943000000.0,0.0,-181518320.0,-181518580.0,-181518630.0,-181518640.0,-181518650.0,-181518660.0,-181518660.0,-181518660.0,-181518660.0,-181518660.0
dhdl_modified_4_lambda_1.xvg,0.204,1,0.0,340.96063,-7367.4058,181518320.0,0.0,-269.07285,-314.54419,-328.97019,-334.96433,-340.96017,-340.96017,-340.96017,-340.96017,-340.96017
dhdl_modified_4_lambda_2.xvg,0.204,2,0.0,71.887329,-848.14001,181518580.0,269.07285,0.0,-45.471334,-59.897335,-65.891475,-71.887321,-71.887321,-71.887321,-71.887321,-71.887321
dhdl_modified_4_lambda_3.xvg,0.204,3,0.0,26.415987,-229.29675,181518630.0,314.54419,45.471334,0.0,-14.426001,-20.420141,-26.415987,-26.415987,-26.415987,-26.415987,-26.415987
dhdl_modified_4_lambda_4.xvg,0.204,4,0.0,11.989986,-87.405441,181518640.0,328.97019,59.897335,14.426001,0.0,-5.9941401,-11.989986,-11.989986,-11.989986,-11.989986,-11.989986
dhdl_modified_4_lambda_5.xvg,0.204,5,0.0,5.9958463,-39.965588,181518650.0,334.96433,65.891475,20.420141,5.9941401,0.0,-5.9958463,-5.9958463,-5.9958463,-5.9958463,-5.9958463
dhdl_modified_4_lambda_6.xvg,0.204,6,0.0,0.0,0.0,181518660.0,340.96017,71.887321,26.415987,11.989986,5.9958463,0.0,0.0,0.0,0.0,0.0
dhdl_modified_4_lambda_7.xvg,0.204,7,0.0,0.0,0.0,181518660.0,340.96017,71.887321,26.415987,11.989986,5.9958463,0.0,0.0,0.0,0.0,0.0
dhdl_modified_4_lambda_8.xvg,0.204,8,0.0,0.0,0.0,181518660.0,340.96017,71.887321,26.415987,11.989986,5.9958463,0.0,0.0,0.0,0.0,0.0
dhdl_modified_4_lambda_9.xvg,0.204,9,0.0,0.0,0.0,181518660.0,340.96017,71.887321,26.415987,11.989986,5.9958463,0.0,0.0,0.0,0.0,0.0
dhdl_modified_4_lambda_10.xvg,0.204,10,0.0,0.0,0.0,181518660.0,340.96017,71.887321,26.415987,11.989986,5.9958463,0.0,0.0,0.0,0.0,0.0
dhdl_modified_5_lambda_0.xvg,0.205,0,0.0,49745398000000.0,-2240817700000.0,0.0,-171221870.0,-171222140.0,-171222180.0,-171222200.0,-171222200.0,-171222210.0,-171222210.0,-171222210.0,-171222210.0,-171222210.0
dhdl_modified_5_lambda_1.xvg,0.205,1,0.0,340.92981,-7366.4409,171221870.0,0.0,-269.04533,-314.51418,-328.93963,-334.9336,-340.92932,-340.92932,-340.92932,-340.92932,-340.92932
dhdl_modified_5_lambda_2.xvg,0.205,2,0.0,71.883995,-848.08484,171222140.0,269.04533,0.0,-45.468843,-59.894295,-65.888265,-71.883987,-71.883987,-71.883987,-71.883987,-71.883987
dhdl_modified_5_lambda_3.xvg,0.205,3,0.0,26.415144,-229.28691,171222180.0,314.51418,45.468843,0.0,-14.425451,-20.419421,-26.415144,-26.415144,-26.415144,-26.415144,-26.415144
dhdl_modified_5_lambda_4.xvg,0.205,4,0.0,11.989693,-87.402664,171222200.0,328.93963,59.894295,14.425451,0.0,-5.9939699,-11.989693,-11.989693,-11.989693,-11.989693,-11.989693
dhdl_modified_5_lambda_5.xvg,0.205,5,0.0,5.9957228,-39.964565,171222200.0,334.9336,65.888265,20.419421,5.9939699,0.0,-5.9957228,-5.9957228,-5.9957228,-5.9957228,-5.9957228
dhdl_modified_5_lambda_6.xvg,0.205,6,0.0,0.0,0.0,171222210.0,340.92932,71.883987,26.415144,11.989693,5.9957228,0.0,0.0,0.0,0.0,0.0
dhdl_modified_5_lambda_7.xvg,0.205,7,0.0,0.0,0.0,171222210.0,340.92932,71.883987,26.415144,11.989693,5.9957228,0.0,0.0,0.0,0.0,0.0
dhdl_modified_5_lambda_8.xvg,0.205,8,0.0,0.0,0.0,171222210.0,340.92932,71.883987,26.415144,11.989693,5.9957228,0.0,0.0,0.0,0.0,0.0
dhdl_modified_5_lambda_9.xvg,0.205,9,0.0,0.0,0.0,171222210.0,340.92932,71.883987,26.415144,11.989693,5.9957228,0.0,0.0,0.0,0.0,0.0
dhdl_modified_5_lambda_10.xvg,0.205,10,0.0,0.0,0.0,171222210.0,340.92932,71.883987,26.415144,11.989693,5.9957228,0.0,0.0,0.0,0.0,0.0
dhdl_modified_6_lambda_0.xvg,0.206,0,0.0,43860139000000.0,-2053762100000.0,0.0,-161554960.0,-161555220.0,-161555270.0,-161555280.0,-161555290.0,-161555300.0,-161555300.0,-161555300.0,-161555300.0,-161555300.0
dhdl_modified_6_lambda_1.xvg,0.206,1,0.0,340.89838,-7365.4546,161554960.0,0.0,-269.01728,-314.48358,-328.90847,-334.90226,-340.89786,-340.89786,-340.89786,-340.89786,-340.89786
dhdl_modified_6_lambda_2.xvg,0.206,2,0.0,71.880585,-848.02863,161555220.0,269.01728,0.0,-45.466299,-59.89119,-65.884981,-71.880577,-71.880577,-71.880577,-71.880577,-71.880577
dhdl_modified_6_lambda_3.xvg,0.206,3,0.0,26.414278,-229.27678,161555270.0,314.48358,45.466299,0.0,-14.424891,-20.418682,-26.414278,-26.414278,-26.414278,-26.414278,-26.414278
dhdl_modified_6_lambda_4.xvg,0.206,4,0.0,11.989388,-87.39978,161555280.0,328.90847,59.89119,14.424891,0.0,-5.9937916,-11.989388,-11.989388,-11.989388,-11.989388,-11.989388
dhdl_modified_6_lambda_5.xvg,0.206,5,0.0,5.9955959,-39.963512,161555290.0,334.90226,65.884981,20.418682,5.9937916,0.0,-5.9955959,-5.9955959,-5.9955959,-5.9955959,-5.9955959
dhdl_modified_6_lambda_6.xvg,0.206,6,0.0,0.0,0.0,161555300.0,340.89786,71.880577,26.414278,11.989388,5.9955959,0.0,0.0,0.0,0.0,0.0
dhdl_modified_6_lambda_7.xvg,0.206,7,0.0,0.0,0.0,161555300.0,340.89786,71.880577,26.414278,11.989388,5.9955959,0.0,0.0,0.0,0.0,0.0
dhdl_modified_6_lambda_8.xvg,0.206,8,0.0,0.0,0.0,161555300.0,340.89786,71.880577,26.414278,11.989388,5.9955959,0.0,0.0,0.0,0.0,0.0
dhdl_modified_6_lambda_9.xvg,0.206,9,0.0,0.0,0.0,161555300.0,340.89786,71.880577,26.414278,11.989388,5.9955959,0.0,0.0,0.0,0.0,0.0
dhdl_modified_6_lambda_10.xvg,0.206,10,0.0,0.0,0.0,161555300.0,340.89786,71.880577,26.414278,11.989388,5.9955959,0.0,0.0,0.0,0.0,0.0
dhdl_modified_7_lambda_0.xvg,0.207,0,0.0,38694740000000.0,-1883116900000.0,0.0,-152476760.0,-152477030.0,-152477080.0,-152477090.0,-152477100.0,-152477100.0,-152477100.0,-152477100.0,-152477100.0,-152477100.0
dhdl_modified_7_lambda_1.xvg,0.207,1,0.0,340.86615,-7364.4453,152476760.0,0.0,-268.98856,-314.45224,-328.87656,-334.87016,-340.86563,-340.86563,-340.86563,-340.86563,-340.86563
dhdl_modified_7_lambda_2.xvg,0.207,2,0.0,71.877075,-847.97083,152477030.0,268.98856,0.0,-45.463678,-59.887993,-65.8816,-71.877068,-71.877068,-71.877068,-71.877068,-71.877068
dhdl_modified_7_lambda_3.xvg,0.207,3,0.0,26.413389,-229.26642,152477080.0,314.45224,45.463678,0.0,-14.424314,-20.417922,-26.413389,-26.413389,-26.413389,-26.413389,-26.413389
dhdl_modified_7_lambda_4.xvg,0.207,4,0.0,11.989075,-87.396835,152477090.0,328.87656,59.887993,14.424314,0.0,-5.9936075,-11.989075,-11.989075,-11.989075,-11.989075,-11.989075
dhdl_modified_7_lambda_5.xvg,0.207,5,0.0,5.9954672,-39.962448,152477100.0,334.87016,65.8816,20.417922,5.9936075,0.0,-5.9954672,-5.9954672,-5.9954672,-5.9954672,-5.9954672
dhdl_modified_7_lambda_6.xvg,0.207,6,0.0,0.0,0.0,152477100.0,340.86563,71.877068,26.413389,11.989075,5.9954672,0.0,0.0,0.0,0.0,0.0
dhdl_modified_7_lambda_7.xvg,0.207,7,0.0,0.0,0.0,152477100.0,340.86563,71.877068,26.413389,11.989075,5.9954672,0.0,0.0,0.0,0.0,0.0
dhdl_modified_7_lambda_8.xvg,0.207,8,0.0,0.0,0.0,152477100.0,340.86563,71.877068,26.413389,11.989075,5.9954672,0.0,0.0,0.0,0.0,0.0
dhdl_modified_7_lambda_9.xvg,0.207,9,0.0,0.0,0.0,152477100.0,340.86563,71.877068,26.413389,11.989075,5.9954672,0.0,0.0,0.0,0.0,0.0
dhdl_modified_7_lambda_10.xvg,0.207,10,0.0,0.0,0.0,152477100.0,340.86563,71.877068,26.413389,11.989075,5.9954672,0.0,0.0,0.0,0.0,0.0
dhdl_modified_8_lambda_0.xvg,0.208,0,0.0,34158238000000.0,-1727370100000.0,0.0,-143948670.0,-143948940.0,-143948980.0,-143949000.0,-143949000.0,-143949010.0,-143949010.0,-143949010.0,-143949010.0,-143949010.0
dhdl_modified_8_lambda_1.xvg,0.208,1,0.0,340.83319,-7363.4116,143948670.0,0.0,-268.95914,-314.42015,-328.84389,-334.83731,-340.83264,-340.83264,-340.83264,-340.83264,-340.83264
dhdl_modified_8_lambda_2.xvg,0.208,2,0.0,71.873505,-847.9118,143948940.0,268.95914,0.0,-45.461004,-59.884741,-65.878163,-71.873497,-71.873497,-71.873497,-71.873497,-71.873497
dhdl_modified_8_lambda_3.xvg,0.208,3,0.0,26.412493,-229.25591,143948980.0,314.42015,45.461004,0.0,-14.423737,-20.417159,-26.412493,-26.412493,-26.412493,-26.412493,-26.412493
dhdl_modified_8_lambda_4.xvg,0.208,4,0.0,11.988756,-87.393837,143949000.0,328.84389,59.884741,14.423737,0.0,-5.9934225,-11.988756,-11.988756,-11.988756,-11.988756,-11.988756
dhdl_modified_8_lambda_5.xvg,0.208,5,0.0,5.9953337,-39.961342,143949000.0,334.83731,65.878163,20.417159,5.9934225,0.0,-5.9953337,-5.9953337,-5.9953337,-5.9953337,-5.9953337
dhdl_modified_8_lambda_6.xvg,0.208,6,0.0,0.0,0.0,143949010.0,340.83264,71.873497,26.412493,11.988756,5.9953337,0.0,0.0,0.0,0.0,0.0
dhdl_modified_8_lambda_7.xvg,0.208,7,0.0,0.0,0.0,143949010.0,340.83264,71.873497,26.412493,11.988756,5.9953337,0.0,0.0,0.0,0.0,0.0
dhdl_modified_8_lambda_8.xvg,0.208,8,0.0,0.0,0.0,143949010.0,340.83264,71.873497,26.412493,11.988756,5.9953337,0.0,0.0,0.0,0.0,0.0
dhdl_modified_8_lambda_9.xvg,0.208,9,0.0,0.0,0.0,143949010.0,340.83264,71.873497,26.412493,11.988756,5.9953337,0.0,0.0,0.0,0.0,0.0
dhdl_modified_8_lambda_10.xvg,0.208,10,0.0,0.0,0.0,143949010.0,340.83264,71.873497,26.412493,11.988756,5.9953337,0.0,0.0,0.0,0.0,0.0
dhdl_modified_9_lambda_0.xvg,0.209,0,0.0,30171363000000.0,-1585151700000.0,0.0,-135934540.0,-135934810.0,-135934850.0,-135934870.0,-135934870.0,-135934880.0,-135934880.0,-135934880.0,-135934880.0,-135934880.0
dhdl_modified_9_lambda_1.xvg,0.209,1,0.0,340.79938,-7362.353,135934540.0,0.0,-268.92899,-314.38724,-328.81037,-334.8036,-340.7988,-340.7988,-340.7988,-340.7988,-340.7988
dhdl_modified_9_lambda_2.xvg,0.209,2,0.0,71.86982,-847.85107,135934810.0,268.92899,0.0,-45.458254,-59.881382,-65.874613,-71.869812,-71.869812,-71.869812,-71.869812,-71.869812
dhdl_modified_9_lambda_3.xvg,0.209,3,0.0,26.411558,-229.24496,135934850.0,314.38724,45.458254,0.0,-14.423128,-20.416359,-26.411558,-26.411558,-26.411558,-26.411558,-26.411558
dhdl_modified_9_lambda_4.xvg,0.209,4,0.0,11.98843,-87.390732,135934870.0,328.81037,59.881382,14.423128,0.0,-5.9932313,-11.98843,-11.98843,-11.98843,-11.98843,-11.98843
dhdl_modified_9_lambda_5.xvg,0.209,5,0.0,5.9951987,-39.960224,135934870.0,334.8036,65.874613,20.416359,5.9932313,0.0,-5.9951987,-5.9951987,-5.9951987,-5.9951987,-5.9951987
dhdl_modified_9_lambda_6.xvg,0.209,6,0.0,0.0,0.0,135934880.0,340.7988,71.869812,26.411558,11.98843,5.9951987,0.0,0.0,0.0,0.0,0.0
dhdl_modified_9_lambda_7.xvg,0.209,7,0.0,0.0,0.0,135934880.0,340.7988,71.869812,26.411558,11.98843,5.9951987,0.0,0.0,0.0,0.0,0.0
dhdl_modified_9_lambda_8.xvg,0.209,8,0.0,0.0,0.0,135934880.0,340.7988,71.869812,26.411558,11.98843,5.9951987,0.0,0.0,0.0,0.0,0.0
dhdl_modified_9_lambda_9.xvg,0.209,9,0.0,0.0,0.0,135934880.0,340.7988,71.869812,26.411558,11.98843,5.9951987,0.0,0.0,0.0,0.0,0.0
dhdl_modified_9_lambda_10.xvg,0.209,10,0.0,0.0,0.0,135934880.0,340.7988,71.869812,26.411558,11.98843,5.9951987,0.0,0.0,0.0,0.0,0.0
dhdl_modified_10_lambda_0.xvg,0.21,0,0.0,26665678000000.0,-1455241800000.0,0.0,-128401830.0,-128402100.0,-128402140.0,-128402160.0,-128402160.0,-128402170.0,-128402170.0,-128402170.0,-128402170.0,-128402170.0
dhdl_modified_10_lambda_1.xvg,0.21,1,0.0,340.7648,-7361.2686,128401830.0,0.0,-268.89813,-314.35358,-328.77609,-334.76913,-340.76419,-340.76419,-340.76419,-340.76419,-340.76419
dhdl_modified_10_lambda_2.xvg,0.21,2,0.0,71.866066,-847.78912,128402100.0,268.89813,0.0,-45.455446,-59.877961,-65.870998,-71.866058,-71.866058,-71.866058,-71.866058,-71.866058
dhdl_modified_10_lambda_3.xvg,0.21,3,0.0,26.410612,-229.23392,128402140.0,314.35358,45.455446,0.0,-14.422515,-20.415552,-26.410612,-26.410612,-26.410612,-26.410612,-26.410612
dhdl_modified_10_lambda_4.xvg,0.21,4,0.0,11.988097,-87.387611,128402160.0,328.77609,59.877961,14.422515,0.0,-5.9930372,-11.988097,-11.988097,-11.988097,-11.988097,-11.988097
dhdl_modified_10_lambda_5.xvg,0.21,5,0.0,5.99506,-39.959076,128402160.0,334.76913,65.870998,20.415552,5.9930372,0.0,-5.99506,-5.99506,-5.99506,-5.99506,-5.99506
dhdl_modified_10_lambda_6.xvg,0.21,6,0.0,0.0,0.0,128402170.0,340.76419,71.866058,26.410612,11.988097,5.99506,0.0,0.0,0.0,0.0,0.0
dhdl_modified_10_lambda_7.xvg,0.21,7,0.0,0.0,0.0,128402170.0,340.76419,71.866058,26.410612,11.988097,5.99506,0.0,0.0,0.0,0.0,0.0
dhdl_modified_10_lambda_8.xvg,0.21,8,0.0,0.0,0.0,128402170.0,340.76419,71.866058,26.410612,11.988097,5.99506,0.0,0.0,0.0,0.0,0.0
dhdl_modified_10_lambda_9.xvg,0.21,9,0.0,0.0,0.0,128402170.0,340.76419,71.866058,26.410612,11.988097,5.99506,0.0,0.0,0.0,0.0,0.0
dhdl_modified_10_lambda_10.xvg,0.21,10,0.0,0.0,0.0,128402170.0,340.76419,71.866058,26.410612,11.988097,5.99506,0.0,0.0,0.0,0.0,0.0
dhdl_modified_11_lambda_0.xvg,0.211,0,0.0,23581013000000.0,-1336515000000.0,0.0,-121318980.0,-121319250.0,-121319290.0,-121319310.0,-121319310.0,-121319320.0,-121319320.0,-121319320.0,-121319320.0,-121319320.0
dhdl_modified_11_lambda_1.xvg,0.211,1,0.0,340.72934,-7360.1567,121318980.0,0.0,-268.86649,-314.31906,-328.74094,-334.73378,-340.7287,-340.7287,-340.7287,-340.7287,-340.7287
dhdl_modified_11_lambda_2.xvg,0.211,2,0.0,71.862221,-847.72565,121319250.0,268.86649,0.0,-45.452578,-59.874459,-65.867295,-71.862213,-71.862213,-71.862213,-71.862213,-71.862213
dhdl_modified_11_lambda_3.xvg,0.211,3,0.0,26.409636,-229.2225,121319290.0,314.31906,45.452578,0.0,-14.421882,-20.414717,-26.409636,-26.409636,-26.409636,-26.409636,-26.409636
dhdl_modified_11_lambda_4.xvg,0.211,4,0.0,11.987754,-87.384369,121319310.0,328.74094,59.874459,14.421882,0.0,-5.9928355,-11.987754,-11.987754,-11.987754,-11.987754,-11.987754
dhdl_modified_11_lambda_5.xvg,0.211,5,0.0,5.9949183,-39.957901,121319310.0,334.73378,65.867295,20.414717,5.9928355,0.0,-5.9949183,-5.9949183,-5.9949183,-5.9949183,-5.9949183
dhdl_modified_11_lambda_6.xvg,0.211,6,0.0,0.0,0.0,121319320.0,340.7287,71.862213,26.409636,11.987754,5.9949183,0.0,0.0,0.0,0.0,0.0
dhdl_modified_11_lambda_7.xvg,0.211,7,0.0,0.0,0.0,121319320.0,340.7287,71.862213,26.409636,11.987754,5.9949183,0.0,0.0,0.0,0.0,0.0
dhdl_modified_11_lambda_8.xvg,0.211,8,0.0,0.0,0.0,121319320.0,340.7287,71.862213,26.409636,11.987754,5.9949183,0.0,0.0,0.0,0.0,0.0
dhdl_modified_11_lambda_9.xvg,0.211,9,0.0,0.0,0.0,121319320.0,340.7287,71.862213,26.409636,11.987754,5.9949183,0.0,0.0,0.0,0.0,0.0
dhdl_modified_11_lambda_10.xvg,0.211,10,0.0,0.0,0.0,121319320.0,340.7287,71.862213,26.409636,11.987754,5.9949183,0.0,0.0,0.0,0.0,0.0
dhdl_modified_12_lambda_0.xvg,0.212,0,0.0,20865306000000.0,-1227969100000.0,0.0,-114657620.0,-114657890.0,-114657930.0,-114657950.0,-114657950.0,-114657960.0,-114657960.0,-114657960.0,-114657960.0,-114657960.0
dhdl_modified_12_lambda_1.xvg,0.212,1,0.0,340.69302,-7359.0186,114657620.0,0.0,-268.83408,-314.2837,-328.70495,-334.69758,-340.69235,-340.69235,-340.69235,-340.69235,-340.69235
dhdl_modified_12_lambda_2.xvg,0.212,2,0.0,71.858276,-847.66046,114657890.0,268.83408,0.0,-45.449621,-59.870865,-65.863493,-71.858269,-71.858269,-71.858269,-71.858269,-71.858269
dhdl_modified_12_lambda_3.xvg,0.212,3,0.0,26.408648,-229.21094,114657930.0,314.2837,45.449621,0.0,-14.421244,-20.413872,-26.408648,-26.408648,-26.408648,-26.408648,-26.408648
dhdl_modified_12_lambda_4.xvg,0.212,4,0.0,11.987404,-87.381058,114657950.0,328.70495,59.870865,14.421244,0.0,-5.9926281,-11.987404,-11.987404,-11.987404,-11.987404,-11.987404
dhdl_modified_12_lambda_5.xvg,0.212,5,0.0,5.9947758,-39.956715,114657950.0,334.69758,65.863493,20.413872,5.9926281,0.0,-5.9947758,-5.9947758,-5.9947758,-5.9947758,-5.9947758
dhdl_modified_12_lambda_6.xvg,0.212,6,0.0,0.0,0.0,114657960.0,340.69235,71.858269,26.408648,11.987404,5.9947758,0.0,0.0,0.0,0.0,0.0
dhdl_modified_12_lambda_7.xvg,0.212,7,0.0,0.0,0.0,114657960.0,340.69235,71.858269,26.408648,11.987404,5.9947758,0.0,0.0,0.0,0.0,0.0
dhdl_modified_12_lambda_8.xvg,0.212,8,0.0,0.0,0.0,114657960.0,340.69235,71.858269,26.408648,11.987404,5.9947758,0.0,0.0,0.0,0.0,0.0
dhdl_modified_12_lambda_9.xvg,0.212,9,0.0,0.0,0.0,114657960.0,340.69235,71.858269,26.408648,11.987404,5.9947758,0.0,0.0,0.0,0.0,0.0
dhdl_modified_12_lambda_10.xvg,0.212,10,0.0,0.0,0.0,114657960.0,340.69235,71.858269,26.408648,11.987404,5.9947758,0.0,0.0,0.0,0.0,0.0
dhdl_modified_13_lambda_0.xvg,0.213,0,0.0,18472870000000.0,-1128683900000.0,0.0,-108390520.0,-108390780.0,-108390830.0,-108390840.0,-108390850.0,-108390860.0,-108390860.0,-108390860.0,-108390860.0,-108390860.0
dhdl_modified_13_lambda_1.xvg,0.213,1,0.0,340.65598,-7357.8574,108390520.0,0.0,-268.80104,-314.24765,-328.66823,-334.66065,-340.65527,-340.65527,-340.65527,-340.65527,-340.65527
dhdl_modified_13_lambda_2.xvg,0.213,2,0.0,71.85424,-847.59393,108390780.0,268.80104,0.0,-45.446606,-59.867189,-65.859607,-71.854233,-71.854233,-71.854233,-71.854233,-71.854233
dhdl_modified_13_lambda_3.xvg,0.213,3,0.0,26.407627,-229.19901,108390830.0,314.24765,45.446606,0.0,-14.420584,-20.413002,-26.407627,-26.407627,-26.407627,-26.407627,-26.407627
dhdl_modified_13_lambda_4.xvg,0.213,4,0.0,11.987043,-87.377655,108390840.0,328.66823,59.867189,14.420584,0.0,-5.9924178,-11.987043,-11.987043,-11.987043,-11.987043,-11.987043
dhdl_modified_13_lambda_5.xvg,0.213,5,0.0,5.9946256,-39.955471,108390850.0,334.66065,65.859607,20.413002,5.9924178,0.0,-5.9946256,-5.9946256,-5.9946256,-5.9946256,-5.9946256
dhdl_modified_13_lambda_6.xvg,0.213,6,0.0,0.0,0.0,108390860.0,340.65527,71.854233,26.407627,11.987043,5.9946256,0.0,0.0,0.0,0.0,0.0
dhdl_modified_13_lambda_7.xvg,0.213,7,0.0,0.0,0.0,108390860.0,340.65527,71.854233,26.407627,11.987043,5.9946256,0.0,0.0,0.0,0.0,0.0
dhdl_modified_13_lambda_8.xvg,0.213,8,0.0,0.0,0.0,108390860.0,340.65527,71.854233,26.407627,11.987043,5.9946256,0.0,0.0,0.0,0.0,0.0
dhdl_modified_13_lambda_9.xvg,0.213,9,0.0,0.0,0.0,108390860.0,340.65527,71.854233,26.407627,11.987043,5.9946256,0.0,0.0,0.0,0.0,0.0
dhdl_modified_13_lambda_10.xvg,0.213,10,0.0,0.0,0.0,108390860.0,340.65527,71.854233,26.407627,11.987043,5.9946256,0.0,0.0,0.0,0.0,0.0
dhdl_modified_14_lambda_0.xvg,0.214,0,0.0,16364107000000.0,-1037836900000.0,0.0,-102492980.0,-102493250.0,-102493290.0,-102493310.0,-102493310.0,-102493320.0,-102493320.0,-102493320.0,-102493320.0,-102493320.0
dhdl_modified_14_lambda_1.xvg,0.214,1,0.0,340.61792,-7356.666,102492980.0,0.0,-268.7671,-314.21061,-328.63051,-334.62271,-340.61719,-340.61719,-340.61719,-340.61719,-340.61719
dhdl_modified_14_lambda_2.xvg,0.214,2,0.0,71.850098,-847.5257,102493250.0,268.7671,0.0,-45.443508,-59.863409,-65.855618,-71.85009,-71.85009,-71.85009,-71.85009,-71.85009
dhdl_modified_14_lambda_3.xvg,0.214,3,0.0,26.406582,-229.18684,102493290.0,314.21061,45.443508,0.0,-14.419901,-20.412109,-26.406582,-26.406582,-26.406582,-26.406582,-26.406582
dhdl_modified_14_lambda_4.xvg,0.214,4,0.0,11.986681,-87.374222,102493310.0,328.63051,59.863409,14.419901,0.0,-5.9922085,-11.986681,-11.986681,-11.986681,-11.986681,-11.986681
dhdl_modified_14_lambda_5.xvg,0.214,5,0.0,5.9944725,-39.954208,102493310.0,334.62271,65.855618,20.412109,5.9922085,0.0,-5.9944725,-5.9944725,-5.9944725,-5.9944725,-5.9944725
dhdl_modified_14_lambda_6.xvg,0.214,6,0.0,0.0,0.0,102493320.0,340.61719,71.85009,26.406582,11.986681,5.9944725,0.0,0.0,0.0,0.0,0.0
dhdl_modified_14_lambda_7.xvg,0.214,7,0.0,0.0,0.0,102493320.0,340.61719,71.85009,26.406582,11.986681,5.9944725,0.0,0.0,0.0,0.0,0.0
dhdl_modified_14_lambda_8.xvg,0.214,8,0.0,0.0,0.0,102493320.0,340.61719,71.85009,26.406582,11.986681,5.9944725,0.0,0.0,0.0,0.0,0.0
dhdl_modified_14_lambda_9.xvg,0.214,9,0.0,0.0,0.0,102493320.0,340.61719,71.85009,26.406582,11.986681,5.9944725,0.0,0.0,0.0,0.0,0.0
dhdl_modified_14_lambda_10.xvg,0.214,10,0.0,0.0,0.0,102493320.0,340.61719,71.85009,26.406582,11.986681,5.9944725,0.0,0.0,0.0,0.0,0.0
dhdl_modified_15_lambda_0.xvg,0.215,0,0.0,14504169000000.0,-954671370000.0,0.0,-96941323.0,-96941592.0,-96941638.0,-96941652.0,-96941658.0,-96941664.0,-96941664.0,-96941664.0,-96941664.0,-96941664.0
dhdl_modified_15_lambda_1.xvg,0.215,1,0.0,340.5791,-7355.4487,96941323.0,0.0,-268.73245,-314.17282,-328.59204,-334.58402,-340.57834,-340.57834,-340.57834,-340.57834,-340.57834
dhdl_modified_15_lambda_2.xvg,0.215,2,0.0,71.845894,-847.45636,96941592.0,268.73245,0.0,-45.440372,-59.859586,-65.851571,-71.845886,-71.845886,-71.845886,-71.845886,-71.845886
dhdl_modified_15_lambda_3.xvg,0.215,3,0.0,26.405514,-229.17432,96941638.0,314.17282,45.440372,0.0,-14.419213,-20.411198,-26.405514,-26.405514,-26.405514,-26.405514,-26.405514
dhdl_modified_15_lambda_4.xvg,0.215,4,0.0,11.9863,-87.370644,96941652.0,328.59204,59.859586,14.419213,0.0,-5.9919848,-11.9863,-11.9863,-11.9863,-11.9863,-11.9863
dhdl_modified_15_lambda_5.xvg,0.215,5,0.0,5.9943156,-39.952911,96941658.0,334.58402,65.851571,20.411198,5.9919848,0.0,-5.9943156,-5.9943156,-5.9943156,-5.9943156,-5.9943156
dhdl_modified_15_lambda_6.xvg,0.215,6,0.0,0.0,0.0,96941664.0,340.57834,71.845886,26.405514,11.9863,5.9943156,0.0,0.0,0.0,0.0,0.0
dhdl_modified_15_lambda_7.xvg,0.215,7,0.0,0.0,0.0,96941664.0,340.57834,71.845886,26.405514,11.9863,5.9943156,0.0,0.0,0.0,0.0,0.0
dhdl_modified_15_lambda_8.xvg,0.215,8,0.0,0.0,0.0,96941664.0,340.57834,71.845886,26.405514,11.9863,5.9943156,0.0,0.0,0.0,0.0,0.0
dhdl_modified_15_lambda_9.xvg,0.215,9,0.0,0.0,0.0,96941664.0,340.57834,71.845886,26.405514,11.9863,5.9943156,0.0,0.0,0.0,0.0,0.0
dhdl_modified_15_lambda_10.xvg,0.215,10,0.0,0.0,0.0,96941664.0,340.57834,71.845886,26.405514,11.9863,5.9943156,0.0,0.0,0.0,0.0,0.0
dhdl_modified_16_lambda_0.xvg,0.216,0,0.0,12862836000000.0,-878510800000.0,0.0,-91714083.0,-91714352.0,-91714398.0,-91714412.0,-91714418.0,-91714424.0,-91714424.0,-91714424.0,-91714424.0,-91714424.0
dhdl_modified_16_lambda_1.xvg,0.216,1,0.0,340.53931,-7354.2012,91714083.0,0.0,-268.69694,-314.13406,-328.55256,-334.54433,-340.53848,-340.53848,-340.53848,-340.53848,-340.53848
dhdl_modified_16_lambda_2.xvg,0.216,2,0.0,71.841553,-847.3847,91714352.0,268.69694,0.0,-45.43712,-59.855627,-65.84739,-71.841545,-71.841545,-71.841545,-71.841545,-71.841545
dhdl_modified_16_lambda_3.xvg,0.216,3,0.0,26.404425,-229.16159,91714398.0,314.13406,45.43712,0.0,-14.418507,-20.410269,-26.404425,-26.404425,-26.404425,-26.404425,-26.404425
dhdl_modified_16_lambda_4.xvg,0.216,4,0.0,11.985918,-87.367035,91714412.0,328.55256,59.855627,14.418507,0.0,-5.9917626,-11.985918,-11.985918,-11.985918,-11.985918,-11.985918
dhdl_modified_16_lambda_5.xvg,0.216,5,0.0,5.9941554,-39.951584,91714418.0,334.54433,65.84739,20.410269,5.9917626,0.0,-5.9941554,-5.9941554,-5.9941554,-5.9941554,-5.9941554
dhdl_modified_16_lambda_6.xvg,0.216,6,0.0,0.0,0.0,91714424.0,340.53848,71.841545,26.404425,11.985918,5.9941554,0.0,0.0,0.0,0.0,0.0
dhdl_modified_16_lambda_7.xvg,0.216,7,0.0,0.0,0.0,91714424.0,340.53848,71.841545,26.404425,11.985918,5.9941554,0.0,0.0,0.0,0.0,0.0
dhdl_modified_16_lambda_8.xvg,0.216,8,0.0,0.0,0.0,91714424.0,340.53848,71.841545,26.404425,11.985918,5.9941554,0.0,0.0,0.0,0.0,0.0
dhdl_modified_16_lambda_9.xvg,0.216,9,0.0,0.0,0.0,91714424.0,340.53848,71.841545,26.404425,11.985918,5.9941554,0.0,0.0,0.0,0.0,0.0
dhdl_modified_16_lambda_10.xvg,0.216,10,0.0,0.0,0.0,91714424.0,340.53848,71.841545,26.404425,11.985918,5.9941554,0.0,0.0,0.0,0.0,0.0
dhdl_modified_17_lambda_0.xvg,0.217,0,0.0,11413552000000.0,-808735740000.0,0.0,-86790844.0,-86791112.0,-86791158.0,-86791172.0,-86791178.0,-86791184.0,-86791184.0,-86791184.0,-86791184.0,-86791184.0
dhdl_modified_17_lambda_1.xvg,0.217,1,0.0,340.49857,-7352.9258,86790844.0,0.0,-268.66058,-314.09441,-328.51219,-334.50372,-340.49771,-340.49771,-340.49771,-340.49771,-340.49771
dhdl_modified_17_lambda_2.xvg,0.217,2,0.0,71.837143,-847.31189,86791112.0,268.66058,0.0,-45.433834,-59.851612,-65.843143,-71.837135,-71.837135,-71.837135,-71.837135,-71.837135
dhdl_modified_17_lambda_3.xvg,0.217,3,0.0,26.403301,-229.14844,86791158.0,314.09441,45.433834,0.0,-14.417778,-20.409308,-26.403301,-26.403301,-26.403301,-26.403301,-26.403301
dhdl_modified_17_lambda_4.xvg,0.217,4,0.0,11.985523,-87.363312,86791172.0,328.51219,59.851612,14.417778,0.0,-5.9915304,-11.985523,-11.985523,-11.985523,-11.985523,-11.985523
dhdl_modified_17_lambda_5.xvg,0.217,5,0.0,5.9939928,-39.950233,86791178.0,334.50372,65.843143,20.409308,5.9915304,0.0,-5.9939928,-5.9939928,-5.9939928,-5.9939928,-5.9939928
dhdl_modified_17_lambda_6.xvg,0.217,6,0.0,0.0,0.0,86791184.0,340.49771,71.837135,26.403301,11.985523,5.9939928,0.0,0.0,0.0,0.0,0.0
dhdl_modified_17_lambda_7.xvg,0.217,7,0.0,0.0,0.0,86791184.0,340.49771,71.837135,26.403301,11.985523,5.9939928,0.0,0.0,0.0,0.0,0.0
dhdl_modified_17_lambda_8.xvg,0.217,8,0.0,0.0,0.0,86791184.0,340.49771,71.837135,26.403301,11.985523,5.9939928,0.0,0.0,0.0,0.0,0.0
dhdl_modified_17_lambda_9.xvg,0.217,9,0.0,0.0,0.0,86791184.0,340.49771,71.837135,26.403301,11.985523,5.9939928,0.0,0.0,0.0,0.0,0.0
dhdl_modified_17_lambda_10.xvg,0.217,10,0.0,0.0,0.0,86791184.0,340.49771,71.837135,26.403301,11.985523,5.9939928,0.0,0.0,0.0,0.0,0.0
dhdl_modified_18_lambda_0.xvg,0.218,0,0.0,10133062000000.0,-744782630000.0,0.0,-82152484.0,-82152752.0,-82152798.0,-82152812.0,-82152818.0,-82152824.0,-82152824.0,-82152824.0,-82152824.0,-82152824.0
dhdl_modified_18_lambda_1.xvg,0.218,1,0.0,340.45694,-7351.6216,82152484.0,0.0,-268.62345,-314.0539,-328.47093,-334.46223,-340.45605,-340.45605,-340.45605,-340.45605,-340.45605
dhdl_modified_18_lambda_2.xvg,0.218,2,0.0,71.832611,-847.23718,82152752.0,268.62345,0.0,-45.430445,-59.847482,-65.838778,-71.832603,-71.832603,-71.832603,-71.832603,-71.832603
dhdl_modified_18_lambda_3.xvg,0.218,3,0.0,26.402159,-229.13507,82152798.0,314.0539,45.430445,0.0,-14.417037,-20.408333,-26.402159,-26.402159,-26.402159,-26.402159,-26.402159
dhdl_modified_18_lambda_4.xvg,0.218,4,0.0,11.985122,-87.35952,82152812.0,328.47093,59.847482,14.417037,0.0,-5.9912958,-11.985122,-11.985122,-11.985122,-11.985122,-11.985122
dhdl_modified_18_lambda_5.xvg,0.218,5,0.0,5.9938259,-39.948853,82152818.0,334.46223,65.838778,20.408333,5.9912958,0.0,-5.9938259,-5.9938259,-5.9938259,-5.9938259,-5.9938259
dhdl_modified_18_lambda_6.xvg,0.218,6,0.0,0.0,0.0,82152824.0,340.45605,71.832603,26.402159,11.985122,5.9938259,0.0,0.0,0.0,0.0,0.0
dhdl_modified_18_lambda_7.xvg,0.218,7,0.0,0.0,0.0,82152824.0,340.45605,71.832603,26.402159,11.985122,5.9938259,0.0,0.0,0.0,0.0,0.0
dhdl_modified_18_lambda_8.xvg,0.218,8,0.0,0.0,0.0,82152824.0,340.45605,71.832603,26.402159,11.985122,5.9938259,0.0,0.0,0.0,0.0,0.0
dhdl_modified_18_lambda_9.xvg,0.218,9,0.0,0.0,0.0,82152824.0,340.45605,71.832603,26.402159,11.985122,5.9938259,0.0,0.0,0.0,0.0,0.0
dhdl_modified_18_lambda_10.xvg,0.218,10,0.0,0.0,0.0,82152824.0,340.45605,71.832603,26.402159,11.985122,5.9938259,0.0,0.0,0.0,0.0,0.0
dhdl_modified_19_lambda_0.xvg,0.219,0,0.0,9001142100000.0,-686145990000.0,0.0,-77781596.0,-77781864.0,-77781910.0,-77781924.0,-77781930.0,-77781936.0,-77781936.0,-77781936.0,-77781936.0,-77781936.0
dhdl_modified_19_lambda_1.xvg,0.219,1,0.0,340.41443,-7350.2896,77781596.0,0.0,-268.58555,-314.01253,-328.4288,-334.41986,-340.41351,-340.41351,-340.41351,-340.41351,-340.41351
dhdl_modified_19_lambda_2.xvg,0.219,2,0.0,71.827972,-847.16064,77781864.0,268.58555,0.0,-45.426979,-59.843254,-65.834309,-71.827965,-71.827965,-71.827965,-71.827965,-71.827965
dhdl_modified_19_lambda_3.xvg,0.219,3,0.0,26.400986,-229.12138,77781910.0,314.01253,45.426979,0.0,-14.416275,-20.40733,-26.400986,-26.400986,-26.400986,-26.400986,-26.400986
dhdl_modified_19_lambda_4.xvg,0.219,4,0.0,11.984711,-87.355637,77781924.0,328.4288,59.843254,14.416275,0.0,-5.991055,-11.984711,-11.984711,-11.984711,-11.984711,-11.984711
dhdl_modified_19_lambda_5.xvg,0.219,5,0.0,5.9936557,-39.947441,77781930.0,334.41986,65.834309,20.40733,5.991055,0.0,-5.9936557,-5.9936557,-5.9936557,-5.9936557,-5.9936557
dhdl_modified_19_lambda_6.xvg,0.219,6,0.0,0.0,0.0,77781936.0,340.41351,71.827965,26.400986,11.984711,5.9936557,0.0,0.0,0.0,0.0,0.0
dhdl_modified_19_lambda_7.xvg,0.219,7,0.0,0.0,0.0,77781936.0,340.41351,71.827965,26.400986,11.984711,5.9936557,0.0,0.0,0.0,0.0,0.0
dhdl_modified_19_lambda_8.xvg,0.219,8,0.0,0.0,0.0,77781936.0,340.41351,71.827965,26.400986,11.984711,5.9936557,0.0,0.0,0.0,0.0,0.0
dhdl_modified_19_lambda_9.xvg,0.219,9,0.0,0.0,0.0,77781936.0,340.41351,71.827965,26.400986,11.984711,5.9936557,0.0,0.0,0.0,0.0,0.0
dhdl_modified_19_lambda_10.xvg,0.219,10,0.0,0.0,0.0,77781936.0,340.41351,71.827965,26.400986,11.984711,5.9936557,0.0,0.0,0.0,0.0,0.0
dhdl_modified_20_lambda_0.xvg,0.22,0,0.0,7999925500000.0,-632359160000.0,0.0,-73661364.0,-73661632.0,-73661678.0,-73661692.0,-73661698.0,-73661704.0,-73661704.0,-73661704.0,-73661704.0,-73661704.0
dhdl_modified_20_lambda_1.xvg,0.22,1,0.0,340.37082,-7348.9229,73661364.0,0.0,-268.54661,-313.97006,-328.38556,-334.37636,-340.36984,-340.36984,-340.36984,-340.36984,-340.36984
dhdl_modified_20_lambda_2.xvg,0.22,2,0.0,71.82325,-847.08258,73661632.0,268.54661,0.0,-45.423449,-59.838947,-65.829754,-71.823235,-71.823235,-71.823235,-71.823235,-71.823235
dhdl_modified_20_lambda_3.xvg,0.22,3,0.0,26.399786,-229.10736,73661678.0,313.97006,45.423449,0.0,-14.415499,-20.406305,-26.399786,-26.399786,-26.399786,-26.399786,-26.399786
dhdl_modified_20_lambda_4.xvg,0.22,4,0.0,11.984287,-87.351639,73661692.0,328.38556,59.838947,14.415499,0.0,-5.9908066,-11.984287,-11.984287,-11.984287,-11.984287,-11.984287
dhdl_modified_20_lambda_5.xvg,0.22,5,0.0,5.9934807,-39.945992,73661698.0,334.37636,65.829754,20.406305,5.9908066,0.0,-5.9934807,-5.9934807,-5.9934807,-5.9934807,-5.9934807
dhdl_modified_20_lambda_6.xvg,0.22,6,0.0,0.0,0.0,73661704.0,340.36984,71.823235,26.399786,11.984287,5.9934807,0.0,0.0,0.0,0.0,0.0
dhdl_modified_20_lambda_7.xvg,0.22,7,0.0,0.0,0.0,73661704.0,340.36984,71.823235,26.399786,11.984287,5.9934807,0.0,0.0,0.0,0.0,0.0
dhdl_modified_20_lambda_8.xvg,0.22,8,0.0,0.0,0.0,73661704.0,340.36984,71.823235,26.399786,11.984287,5.9934807,0.0,0.0,0.0,0.0,0.0
dhdl_modified_20_lambda_9.xvg,0.22,9,0.0,0.0,0.0,73661704.0,340.36984,71.823235,26.399786,11.984287,5.9934807,0.0,0.0,0.0,0.0,0.0
dhdl_modified_20_lambda_10.xvg,0.22,10,0.0,0.0,0.0,73661704.0,340.36984,71.823235,26.399786,11.984287,5.9934807,0.0,0.0,0.0,0.0,0.0
dhdl_modified_21_lambda_0.xvg,0.221,0,0.0,7113897700000.0,-583005370000.0,0.0,-69776676.0,-69776944.0,-69776990.0,-69777004.0,-69777010.0,-69777016.0,-69777016.0,-69777016.0,-69777016.0,-69777016.0
dhdl_modified_21_lambda_1.xvg,0.221,1,0.0,340.3262,-7347.5264,69776676.0,0.0,-268.5068,-313.92663,-328.34134,-334.33189,-340.3252,-340.3252,-340.3252,-340.3252,-340.3252
dhdl_modified_21_lambda_2.xvg,0.221,2,0.0,71.818413,-847.00281,69776944.0,268.5068,0.0,-45.41983,-59.834538,-65.825097,-71.818398,-71.818398,-71.818398,-71.818398,-71.818398
dhdl_modified_21_lambda_3.xvg,0.221,3,0.0,26.398567,-229.09308,69776990.0,313.92663,45.41983,0.0,-14.414707,-20.405266,-26.398567,-26.398567,-26.398567,-26.398567,-26.398567
dhdl_modified_21_lambda_4.xvg,0.221,4,0.0,11.98386,-87.347595,69777004.0,328.34134,59.834538,14.414707,0.0,-5.9905591,-11.98386,-11.98386,-11.98386,-11.98386,-11.98386
dhdl_modified_21_lambda_5.xvg,0.221,5,0.0,5.9933009,-39.9445,69777010.0,334.33189,65.825097,20.405266,5.9905591,0.0,-5.9933009,-5.9933009,-5.9933009,-5.9933009,-5.9933009
dhdl_modified_21_lambda_6.xvg,0.221,6,0.0,0.0,0.0,69777016.0,340.3252,71.818398,26.398567,11.98386,5.9933009,0.0,0.0,0.0,0.0,0.0
dhdl_modified_21_lambda_7.xvg,0.221,7,0.0,0.0,0.0,69777016.0,340.3252,71.818398,26.398567,11.98386,5.9933009,0.0,0.0,0.0,0.0,0.0
dhdl_modified_21_lambda_8.xvg,0.221,8,0.0,0.0,0.0,69777016.0,340.3252,71.818398,26.398567,11.98386,5.9933009,0.0,0.0,0.0,0.0,0.0
dhdl_modified_21_lambda_9.xvg,0.221,9,0.0,0.0,0.0,69777016.0,340.3252,71.818398,26.398567,11.98386,5.9933009,0.0,0.0,0.0,0.0,0.0
dhdl_modified_21_lambda_10.xvg,0.221,10,0.0,0.0,0.0,69777016.0,340.3252,71.818398,26.398567,11.98386,5.9933009,0.0,0.0,0.0,0.0,0.0
dhdl_modified_22_lambda_0.xvg,0.222,0,0.0,6329308500000.0,-537698110000.0,0.0,-66112800.0,-66113068.0,-66113114.0,-66113128.0,-66113134.0,-66113140.0,-66113140.0,-66113140.0,-66113140.0,-66113140.0
dhdl_modified_22_lambda_1.xvg,0.222,1,0.0,340.28067,-7346.0986,66112800.0,0.0,-268.46616,-313.88229,-328.29619,-334.28648,-340.2796,-340.2796,-340.2796,-340.2796,-340.2796
dhdl_modified_22_lambda_2.xvg,0.222,2,0.0,71.813454,-846.9209,66113068.0,268.46616,0.0,-45.416122,-59.830022,-65.82032,-71.813438,-71.813438,-71.813438,-71.813438,-71.813438
dhdl_modified_22_lambda_3.xvg,0.222,3,0.0,26.397316,-229.07848,66113114.0,313.88229,45.416122,0.0,-14.413899,-20.404198,-26.397316,-26.397316,-26.397316,-26.397316,-26.397316
dhdl_modified_22_lambda_4.xvg,0.222,4,0.0,11.983417,-87.343407,66113128.0,328.29619,59.830022,14.413899,0.0,-5.9902983,-11.983417,-11.983417,-11.983417,-11.983417,-11.983417
dhdl_modified_22_lambda_5.xvg,0.222,5,0.0,5.9931183,-39.942989,66113134.0,334.28648,65.82032,20.404198,5.9902983,0.0,-5.9931183,-5.9931183,-5.9931183,-5.9931183,-5.9931183
dhdl_modified_22_lambda_6.xvg,0.222,6,0.0,0.0,0.0,66113140.0,340.2796,71.813438,26.397316,11.983417,5.9931183,0.0,0.0,0.0,0.0,0.0
dhdl_modified_22_lambda_7.xvg,0.222,7,0.0,0.0,0.0,66113140.0,340.2796,71.813438,26.397316,11.983417,5.9931183,0.0,0.0,0.0,0.0,0.0
dhdl_modified_22_lambda_8.xvg,0.222,8,0.0,0.0,0.0,66113140.0,340.2796,71.813438,26.397316,11.983417,5.9931183,0.0,0.0,0.0,0.0,0.0
dhdl_modified_22_lambda_9.xvg,0.222,9,0.0,0.0,0.0,66113140.0,340.2796,71.813438,26.397316,11.983417,5.9931183,0.0,0.0,0.0,0.0,0.0
