XVG Filename,Distance (nm),Lambda State,Time (ps),Total Energy (kJ/mol),dH/dλ vdw-lambda = 0.0000,ΔH λ to 0.0000,ΔH λ to 0.1000,ΔH λ to 0.2000,ΔH λ to 0.3000,ΔH λ to 0.4000,ΔH λ to 0.5000,ΔH λ to 0.6000,ΔH λ to 0.7000,ΔH λ to 0.8000,ΔH λ to 0.9000,ΔH λ to 1.0000
dhdl_modified_0_lambda_0.xvg,0.2,0,0.0,94233940000000.0,-229942140.0,0.0,-229939950.0,-229941640.0,-229941950.0,-229942050.0,-229942100.0,-229942120.0,-229942130.0,-229942140.0,-229942140.0,-229942140.0
dhdl_modified_0_lambda_1.xvg,0.2,1,0.0,2227.3384,-44909.809,229939950.0,0.0,-1696.9661,-2005.7021,-2108.0288,-2151.9769,-2173.7513,-2185.5154,-2192.217,-2196.1459,-2198.4651
dhdl_modified_0_lambda_2.xvg,0.2,2,0.0,502.61758,-5639.1963,229941640.0,1696.9661,0.0,-308.73604,-411.06274,-455.01085,-476.78519,-488.54935,-495.25095,-499.17979,-501.49902
dhdl_modified_0_lambda_3.xvg,0.2,3,0.0,192.90335,-1601.0809,229941950.0,2005.7021,308.73604,0.0,-102.3267,-146.27481,-168.04915,-179.81331,-186.51491,-190.44375,-192.76299
dhdl_modified_0_lambda_4.xvg,0.2,4,0.0,90.463959,-632.42456,229942050.0,2108.0288,411.06274,102.3267,0.0,-43.948112,-65.722454,-77.486612,-84.18821,-88.117051,-90.436287
dhdl_modified_0_lambda_5.xvg,0.2,5,0.0,46.494919,-297.84058,229942100.0,2151.9769,455.01085,146.27481,43.948112,0.0,-21.774342,-33.5385,-40.240098,-44.168938,-46.488174
dhdl_modified_0_lambda_6.xvg,0.2,6,0.0,24.715624,-155.84653,229942120.0,2173.7513,476.78519,168.04915,65.722454,21.774342,0.0,-11.764158,-18.465756,-22.394597,-24.713833
dhdl_modified_0_lambda_7.xvg,0.2,7,0.0,12.950143,-87.067024,229942130.0,2185.5154,488.54935,179.81331,77.486612,33.5385,11.764158,0.0,-6.7015982,-10.630438,-12.949675
dhdl_modified_0_lambda_8.xvg,0.2,8,0.0,6.2481813,-50.562851,229942140.0,2192.217,495.25095,186.51491,84.18821,40.240098,18.465756,6.7015982,0.0,-3.9288402,-6.2480764
dhdl_modified_0_lambda_9.xvg,0.2,9,0.0,2.3192503,-29.864326,229942140.0,2196.1459,499.17979,190.44375,88.117051,44.168938,22.394597,10.630438,3.9288402,0.0,-2.3192363
dhdl_modified_0_lambda_10.xvg,0.2,10,0.0,0.0,-17.537346,229942140.0,2198.4651,501.49902,192.76299,90.436287,46.488174,24.713833,12.949675,6.2480764,2.3192363,0.0
dhdl_modified_1_lambda_0.xvg,0.201,0,0.0,82826246000000.0,-216647580.0,0.0,-216645390.0,-216647080.0,-216647390.0,-216647490.0,-216647540.0,-216647560.0,-216647570.0,-216647580.0,-216647580.0,-216647580.0
dhdl_modified_1_lambda_1.xvg,0.201,1,0.0,2219.6455,-44738.098,216645390.0,0.0,-1690.8685,-1998.6395,-2100.6718,-2144.5009,-2166.219,-2177.954,-2184.6394,-2188.5591,-2190.873
dhdl_modified_1_lambda_2.xvg,0.201,2,0.0,501.11975,-5620.8525,216647080.0,1690.8685,0.0,-307.77103,-409.80334,-453.63242,-475.35053,-487.08546,-493.77095,-497.69061,-500.00455
dhdl_modified_1_lambda_3.xvg,0.201,3,0.0,192.3735,-1596.3374,216647390.0,1998.6395,307.77103,0.0,-102.03232,-145.8614,-167.5795,-179.31443,-185.99992,-189.91958,-192.23352
dhdl_modified_1_lambda_4.xvg,0.201,4,0.0,90.228806,-630.67114,216647490.0,2100.6718,409.80334,102.03232,0.0,-43.829079,-65.547182,-77.282113,-83.967605,-87.887263,-90.201202
dhdl_modified_1_lambda_5.xvg,0.201,5,0.0,46.378849,-297.05621,216647540.0,2144.5009,453.63242,145.8614,43.829079,0.0,-21.718103,-33.453034,-40.138526,-44.058184,-46.372124
dhdl_modified_1_lambda_6.xvg,0.201,6,0.0,24.655807,-155.453,216647560.0,2166.219,475.35053,167.5795,65.547182,21.718103,0.0,-11.734931,-18.420423,-22.340081,-24.65402
dhdl_modified_1_lambda_7.xvg,0.201,7,0.0,12.919557,-86.854805,216647570.0,2177.954,487.08546,179.31443,77.282113,33.453034,11.734931,0.0,-6.685492,-10.60515,-12.919089
dhdl_modified_1_lambda_8.xvg,0.201,8,0.0,6.2337022,-50.443253,216647580.0,2184.6394,493.77095,185.99992,83.967605,40.138526,18.420423,6.685492,0.0,-3.9196577,-6.2335973
dhdl_modified_1_lambda_9.xvg,0.201,9,0.0,2.3139536,-29.795456,216647580.0,2188.5591,497.69061,189.91958,87.887263,44.058184,22.340081,10.60515,3.9196577,0.0,-2.3139396
dhdl_modified_1_lambda_10.xvg,0.201,10,0.0,0.0,-17.497725,216647580.0,2190.873,500.00455,192.23352,90.201202,46.372124,24.65402,12.919089,6.2335973,2.3139396,0.0
dhdl_modified_2_lambda_0.xvg,0.202,0,0.0,72846143000000.0,-204181900.0,0.0,-204179720.0,-204181410.0,-204181710.0,-204181810.0,-204181860.0,-204181880.0,-204181890.0,-204181900.0,-204181900.0,-204181900.0
dhdl_modified_2_lambda_1.xvg,0.202,1,0.0,2211.9653,-44566.695,204179720.0,0.0,-1684.7812,-1991.5885,-2093.3268,-2137.037,-2158.6989,-2170.4047,-2177.0741,-2180.9846,-2183.2932
dhdl_modified_2_lambda_2.xvg,0.202,2,0.0,499.6239,-5602.5361,204181410.0,1684.7812,0.0,-306.80731,-408.54567,-452.25586,-473.91778,-485.62352,-492.29292,-496.20341,-498.51205
dhdl_modified_2_lambda_3.xvg,0.202,3,0.0,191.84433,-1591.6005,204181710.0,1991.5885,306.80731,0.0,-101.73836,-145.44854,-167.11046,-178.81621,-185.48561,-189.39609,-191.70474
dhdl_modified_2_lambda_4.xvg,0.202,4,0.0,89.993912,-628.91986,204181810.0,2093.3268,408.54567,101.73836,0.0,-43.710186,-65.372107,-77.07785,-83.747252,-87.657736,-89.966385
dhdl_modified_2_lambda_5.xvg,0.202,5,0.0,46.262909,-296.27277,204181860.0,2137.037,452.25586,145.44854,43.710186,0.0,-21.661921,-33.367664,-40.037066,-43.94755,-46.256199
dhdl_modified_2_lambda_6.xvg,0.202,6,0.0,24.59606,-155.05994,204181880.0,2158.6989,473.91778,167.11046,65.372107,21.661921,0.0,-11.705744,-18.375146,-22.28563,-24.594278
dhdl_modified_2_lambda_7.xvg,0.202,7,0.0,12.889001,-86.642822,204181890.0,2170.4047,485.62352,178.81621,77.07785,33.367664,11.705744,0.0,-6.6694021,-10.579886,-12.888535
dhdl_modified_2_lambda_8.xvg,0.202,8,0.0,6.2192369,-50.323776,204181900.0,2177.0741,492.29292,185.48561,83.747252,40.037066,18.375146,6.6694021,0.0,-3.9104838,-6.2191324
dhdl_modified_2_lambda_9.xvg,0.202,9,0.0,2.3086627,-29.726654,204181900.0,2180.9846,496.20341,189.39609,87.657736,43.94755,22.28563,10.579886,3.9104838,0.0,-2.3086486
dhdl_modified_2_lambda_10.xvg,0.202,10,0.0,0.0,-17.458141,204181900.0,2183.2932,498.51205,191.70474,89.966385,46.256199,24.594278,12.888535,6.2191324,2.3086486,0.0
dhdl_modified_3_lambda_0.xvg,0.203,0,0.0,64108926000000.0,-192489410.0,0.0,-192487230.0,-192488910.0,-192489220.0,-192489320.0,-192489360.0,-192489380.0,-192489400.0,-192489400.0,-192489410.0,-192489410.0
dhdl_modified_3_lambda_1.xvg,0.203,1,0.0,2204.2991,-44395.637,192487230.0,0.0,-1678.7053,-1984.5506,-2085.9954,-2129.5869,-2151.1927,-2162.8693,-2169.5226,-2173.4239,-2175.7273
dhdl_modified_3_lambda_2.xvg,0.203,2,0.0,498.13055,-5584.252,192488910.0,1678.7053,0.0,-305.84531,-407.29013,-450.8816,-472.48742,-484.16402,-490.81735,-494.71867,-497.02203
dhdl_modified_3_lambda_3.xvg,0.203,3,0.0,191.31593,-1586.871,192489220.0,1984.5506,305.84531,0.0,-101.44482,-145.0363,-166.64212,-178.31871,-184.97204,-188.87336,-191.17673
dhdl_modified_3_lambda_4.xvg,0.203,4,0.0,89.759361,-627.17126,192489320.0,2085.9954,407.29013,101.44482,0.0,-43.591473,-65.197292,-76.873885,-83.527217,-87.428539,-89.731903
dhdl_modified_3_lambda_5.xvg,0.203,5,0.0,46.147121,-295.49048,192489360.0,2129.5869,450.8816,145.0363,43.591473,0.0,-21.60582,-33.282413,-39.935744,-43.837066,-46.14043
dhdl_modified_3_lambda_6.xvg,0.203,6,0.0,24.536388,-154.66739,192489380.0,2151.1927,472.48742,166.64212,65.197292,21.60582,0.0,-11.676593,-18.329925,-22.231247,-24.534611
dhdl_modified_3_lambda_7.xvg,0.203,7,0.0,12.858483,-86.431099,192489400.0,2162.8693,484.16402,178.31871,76.873885,33.282413,11.676593,0.0,-6.6533318,-10.554654,-12.858018
dhdl_modified_3_lambda_8.xvg,0.203,8,0.0,6.2047906,-50.20446,192489400.0,2169.5226,490.81735,184.97204,83.527217,39.935744,18.329925,6.6533318,0.0,-3.9013221,-6.2046862
dhdl_modified_3_lambda_9.xvg,0.203,9,0.0,2.3033781,-29.657942,192489410.0,2173.4239,494.71867,188.87336,87.428539,43.837066,22.231247,10.554654,3.9013221,0.0,-2.303364
dhdl_modified_3_lambda_10.xvg,0.203,10,0.0,0.0,-17.418606,192489410.0,2175.7273,497.02203,191.17673,89.731903,46.14043,24.534611,12.858018,6.2046862,2.303364,0.0
dhdl_modified_4_lambda_0.xvg,0.204,0,0.0,56454757000000.0,-181518590.0,0.0,-181516420.0,-181518100.0,-181518400.0,-181518500.0,-181518550.0,-181518570.0,-181518580.0,-181518590.0,-181518590.0,-181518590.0
dhdl_modified_4_lambda_1.xvg,0.204,1,0.0,2196.6465,-44224.906,181516420.0,0.0,-1672.6406,-1977.5253,-2078.6771,-2122.15,-2143.6998,-2155.3473,-2161.9845,-2165.8767,-2168.1748
dhdl_modified_4_lambda_2.xvg,0.204,2,0.0,496.63934,-5565.9961,181518100.0,1672.6406,0.0,-304.88472,-406.03646,-449.50937,-471.05916,-482.70664,-489.34392,-493.23609,-495.53418
dhdl_modified_4_lambda_3.xvg,0.204,3,0.0,190.78828,-1582.1484,181518400.0,1977.5253,304.88472,0.0,-101.15174,-144.62465,-166.17444,-177.82192,-184.4592,-188.35137,-190.64946
dhdl_modified_4_lambda_4.xvg,0.204,4,0.0,89.525101,-625.42493,181518500.0,2078.6771,406.03646,101.15174,0.0,-43.472908,-65.022701,-76.67018,-83.307462,-87.199634,-89.497719
dhdl_modified_4_lambda_5.xvg,0.204,5,0.0,46.031487,-294.70917,181518550.0,2122.15,449.50937,144.62465,43.472908,0.0,-21.549793,-33.197272,-39.834554,-43.726726,-46.024811
dhdl_modified_4_lambda_6.xvg,0.204,6,0.0,24.476791,-154.27536,181518570.0,2143.6998,471.05916,166.17444,65.022701,21.549793,0.0,-11.647479,-18.28476,-22.176932,-24.475018
dhdl_modified_4_lambda_7.xvg,0.204,7,0.0,12.828003,-86.21965,181518580.0,2155.3473,482.70664,177.82192,76.67018,33.197272,11.647479,0.0,-6.6372814,-10.529453,-12.827538
dhdl_modified_4_lambda_8.xvg,0.204,8,0.0,6.190361,-50.085281,181518590.0,2161.9845,489.34392,184.4592,83.307462,39.834554,18.28476,6.6372814,0.0,-3.8921719,-6.1902571
dhdl_modified_4_lambda_9.xvg,0.204,9,0.0,2.298099,-29.589304,181518590.0,2165.8767,493.23609,188.35137,87.199634,43.726726,22.176932,10.529453,3.8921719,0.0,-2.2980852
dhdl_modified_4_lambda_10.xvg,0.204,10,0.0,0.0,-17.379116,181518590.0,2168.1748,495.53418,190.64946,89.497719,46.024811,24.475018,12.827538,6.1902571,2.2980852,0.0
dhdl_modified_5_lambda_0.xvg,0.205,0,0.0,49745377000000.0,-171222160.0,0.0,-171220000.0,-171221670.0,-171221970.0,-171222070.0,-171222110.0,-171222140.0,-171222150.0,-171222150.0,-171222160.0,-171222160.0
dhdl_modified_5_lambda_1.xvg,0.205,1,0.0,2189.0071,-44054.504,171220000.0,0.0,-1666.5869,-1970.5126,-2071.3717,-2114.7262,-2136.22,-2147.8384,-2154.4597,-2158.3427,-2160.6355
dhdl_modified_5_lambda_2.xvg,0.205,2,0.0,495.15048,-5547.7715,171221670.0,1666.5869,0.0,-303.92572,-404.7848,-448.13931,-469.63315,-481.25155,-487.8728,-491.75583,-494.04865
dhdl_modified_5_lambda_3.xvg,0.205,3,0.0,190.26135,-1577.4331,171221970.0,1970.5126,303.92572,0.0,-100.85908,-144.21359,-165.70743,-177.32583,-183.94708,-187.83011,-190.12292
dhdl_modified_5_lambda_4.xvg,0.205,4,0.0,89.291161,-623.68115,171222070.0,2071.3717,404.7848,100.85908,0.0,-43.354515,-64.848352,-76.466751,-83.088004,-86.971035,-89.263847
dhdl_modified_5_lambda_5.xvg,0.205,5,0.0,45.915993,-293.92896,171222110.0,2114.7262,448.13931,144.21359,43.354515,0.0,-21.493837,-33.112236,-39.733489,-43.616519,-45.909332
dhdl_modified_5_lambda_6.xvg,0.205,6,0.0,24.417265,-153.8838,171222140.0,2136.22,469.63315,165.70743,64.848352,21.493837,0.0,-11.618399,-18.239651,-22.122682,-24.415495
dhdl_modified_5_lambda_7.xvg,0.205,7,0.0,12.797559,-86.008461,171222150.0,2147.8384,481.25155,177.32583,76.466751,33.112236,11.618399,0.0,-6.6212525,-10.504283,-12.797096
dhdl_modified_5_lambda_8.xvg,0.205,8,0.0,6.1759477,-49.966244,171222150.0,2154.4597,487.8728,183.94708,83.088004,39.733489,18.239651,6.6212525,0.0,-3.8830309,-6.1758437
dhdl_modified_5_lambda_9.xvg,0.205,9,0.0,2.2928267,-29.52075,171222160.0,2158.3427,491.75583,187.83011,86.971035,43.616519,22.122682,10.504283,3.8830309,0.0,-2.2928128
dhdl_modified_5_lambda_10.xvg,0.205,10,0.0,0.0,-17.339668,171222160.0,2160.6355,494.04865,190.12292,89.263847,45.909332,24.415495,12.797096,6.1758437,2.2928128,0.0
dhdl_modified_6_lambda_0.xvg,0.206,0,0.0,43859963000000.0,-161555040.0,0.0,-161552890.0,-161554550.0,-161554850.0,-161554950.0,-161554990.0,-161555020.0,-161555030.0,-161555030.0,-161555040.0,-161555040.0
dhdl_modified_6_lambda_1.xvg,0.206,1,0.0,2181.3811,-43884.434,161552890.0,0.0,-1660.5439,-1963.512,-2064.0789,-2107.3151,-2128.7531,-2140.3424,-2146.9477,-2150.8216,-2153.1091
dhdl_modified_6_lambda_2.xvg,0.206,2,0.0,493.66376,-5529.5762,161554550.0,1660.5439,0.0,-302.96815,-403.53497,-446.77125,-468.2092,-479.79856,-486.4038,-490.2777,-492.56525
dhdl_modified_6_lambda_3.xvg,0.206,3,0.0,189.73514,-1572.7247,161554850.0,1963.512,302.96815,0.0,-100.56682,-143.80309,-165.24105,-176.8304,-183.43565,-187.30955,-189.59709
dhdl_modified_6_lambda_4.xvg,0.206,4,0.0,89.057518,-621.93982,161554950.0,2064.0789,403.53497,100.56682,0.0,-43.236275,-64.674229,-76.263585,-82.868827,-86.742728,-89.030273
dhdl_modified_6_lambda_5.xvg,0.206,5,0.0,45.80064,-293.14972,161554990.0,2107.3151,446.77125,143.80309,43.236275,0.0,-21.437954,-33.02731,-39.632552,-43.506453,-45.793999
dhdl_modified_6_lambda_6.xvg,0.206,6,0.0,24.357809,-153.49274,161555020.0,2128.7531,468.2092,165.24105,64.674229,21.437954,0.0,-11.589356,-18.194598,-22.068499,-24.356045
dhdl_modified_6_lambda_7.xvg,0.206,7,0.0,12.76715,-85.797516,161555030.0,2140.3424,479.79856,176.8304,76.263585,33.02731,11.589356,0.0,-6.6052418,-10.479142,-12.766688
dhdl_modified_6_lambda_8.xvg,0.206,8,0.0,6.16155,-49.84734,161555030.0,2146.9477,486.4038,183.43565,82.868827,39.632552,18.194598,6.6052418,0.0,-3.8739007,-6.1614466
dhdl_modified_6_lambda_9.xvg,0.206,9,0.0,2.2875597,-29.452269,161555040.0,2150.8216,490.2777,187.30955,86.742728,43.506453,22.068499,10.479142,3.8739007,0.0,-2.2875459
dhdl_modified_6_lambda_10.xvg,0.206,10,0.0,0.0,-17.300266,161555040.0,2153.1091,492.56525,189.59709,89.030273,45.793999,24.356045,12.766688,6.1614466,2.2875459,0.0
dhdl_modified_7_lambda_0.xvg,0.207,0,0.0,38694724000000.0,-152477060.0,0.0,-152474910.0,-152476560.0,-152476870.0,-152476970.0,-152477010.0,-152477030.0,-152477040.0,-152477050.0,-152477050.0,-152477060.0
dhdl_modified_7_lambda_1.xvg,0.207,1,0.0,2173.7686,-43714.684,152474910.0,0.0,-1654.5121,-1956.5242,-2056.7992,-2099.9174,-2121.2995,-2132.8599,-2139.4491,-2143.3139,-2145.5962
dhdl_modified_7_lambda_2.xvg,0.207,2,0.0,492.17932,-5511.4111,152476560.0,1654.5121,0.0,-302.0121,-402.28712,-445.40533,-466.78747,-478.34782,-484.93707,-488.80185,-491.08414
dhdl_modified_7_lambda_3.xvg,0.207,3,0.0,189.2097,-1568.0234,152476870.0,1956.5242,302.0121,0.0,-100.27502,-143.39323,-164.77537,-176.33572,-182.92497,-186.78975,-189.07204
dhdl_modified_7_lambda_4.xvg,0.207,4,0.0,88.824188,-620.20081,152476970.0,2056.7992,402.28712,100.27502,0.0,-43.11821,-64.500353,-76.060703,-82.649953,-86.514735,-88.79702
dhdl_modified_7_lambda_5.xvg,0.207,5,0.0,45.685436,-292.37152,152477010.0,2099.9174,445.40533,143.39323,43.11821,0.0,-21.382143,-32.942493,-39.531743,-43.396525,-45.67881
dhdl_modified_7_lambda_6.xvg,0.207,6,0.0,24.298428,-153.10219,152477030.0,2121.2995,466.78747,164.77537,64.500353,21.382143,0.0,-11.56035,-18.1496,-22.014382,-24.296667
dhdl_modified_7_lambda_7.xvg,0.207,7,0.0,12.736777,-85.586845,152477040.0,2132.8599,478.34782,176.33572,76.060703,32.942493,11.56035,0.0,-6.5892496,-10.454031,-12.736317
dhdl_modified_7_lambda_8.xvg,0.207,8,0.0,6.1471705,-49.728584,152477050.0,2139.4491,484.93707,182.92497,82.649953,39.531743,18.1496,6.5892496,0.0,-3.8647816,-6.1470671
dhdl_modified_7_lambda_9.xvg,0.207,9,0.0,2.2822993,-29.383871,152477050.0,2143.3139,488.80185,186.78975,86.514735,43.396525,22.014382,10.454031,3.8647816,0.0,-2.2822855
dhdl_modified_7_lambda_10.xvg,0.207,10,0.0,0.0,-17.260906,152477060.0,2145.5962,491.08414,189.07204,88.79702,45.67881,24.296667,12.736317,6.1470671,2.2822855,0.0
dhdl_modified_8_lambda_0.xvg,0.208,0,0.0,34158166000000.0,-143948880.0,0.0,-143946740.0,-143948390.0,-143948690.0,-143948790.0,-143948830.0,-143948860.0,-143948870.0,-143948870.0,-143948880.0,-143948880.0
dhdl_modified_8_lambda_1.xvg,0.208,1,0.0,2166.1697,-43545.277,143946740.0,0.0,-1648.4914,-1949.549,-2049.5326,-2092.5329,-2113.8593,-2125.3907,-2131.964,-2135.8196,-2138.0967
dhdl_modified_8_lambda_2.xvg,0.208,2,0.0,490.69717,-5493.2764,143948390.0,1648.4914,0.0,-301.05765,-401.04124,-444.04154,-465.36795,-476.89934,-483.47261,-487.32829,-489.60532
dhdl_modified_8_lambda_3.xvg,0.208,3,0.0,188.68495,-1563.3293,143948690.0,1949.549,301.05765,0.0,-99.983597,-142.98389,-164.31031,-175.84169,-182.41496,-186.27064,-188.54767
dhdl_modified_8_lambda_4.xvg,0.208,4,0.0,88.591171,-618.46436,143948790.0,2049.5326,401.04124,99.983597,0.0,-43.000298,-64.32671,-75.858092,-82.431367,-86.287041,-88.564072
dhdl_modified_8_lambda_5.xvg,0.208,5,0.0,45.570385,-291.59442,143948830.0,2092.5329,444.04154,142.98389,43.000298,0.0,-21.326412,-32.857795,-39.43107,-43.286743,-45.563774
dhdl_modified_8_lambda_6.xvg,0.208,6,0.0,24.239119,-152.71213,143948860.0,2113.8593,465.36795,164.31031,64.32671,21.326412,0.0,-11.531383,-18.104658,-21.960331,-24.237362
dhdl_modified_8_lambda_7.xvg,0.208,7,0.0,12.706439,-85.376419,143948870.0,2125.3907,476.89934,175.84169,75.858092,32.857795,11.531383,0.0,-6.5732751,-10.428949,-12.705979
dhdl_modified_8_lambda_8.xvg,0.208,8,0.0,6.1328073,-49.60997,143948870.0,2131.964,483.47261,182.41496,82.431367,39.43107,18.104658,6.5732751,0.0,-3.8556736,-6.1327043
dhdl_modified_8_lambda_9.xvg,0.208,9,0.0,2.2770445,-29.315548,143948880.0,2135.8196,487.32829,186.27064,86.287041,43.286743,21.960331,10.428949,3.8556736,0.0,-2.2770307
dhdl_modified_8_lambda_10.xvg,0.208,10,0.0,0.0,-17.221592,143948880.0,2138.0967,489.60532,188.54767,88.564072,45.563774,24.237362,12.705979,6.1327043,2.2770307,0.0
dhdl_modified_9_lambda_0.xvg,0.209,0,0.0,30171254000000.0,-135934670.0,0.0,-135932540.0,-135934180.0,-135934480.0,-135934580.0,-135934630.0,-135934650.0,-135934660.0,-135934670.0,-135934670.0,-135934670.0
dhdl_modified_9_lambda_1.xvg,0.209,1,0.0,2158.584,-43376.188,135932540.0,0.0,-1642.4816,-1942.5863,-2042.2789,-2085.1615,-2106.4322,-2117.9347,-2124.492,-2128.3386,-2130.6104
dhdl_modified_9_lambda_2.xvg,0.209,2,0.0,489.21725,-5475.1709,135934180.0,1642.4816,0.0,-300.10469,-399.79729,-442.67985,-463.95059,-475.45304,-482.01037,-485.85694,-488.12872
dhdl_modified_9_lambda_3.xvg,0.209,3,0.0,188.16093,-1558.6418,135934480.0,1942.5863,300.10469,0.0,-99.692604,-142.57516,-163.8459,-175.34835,-181.90567,-185.75225,-188.02403
dhdl_modified_9_lambda_4.xvg,0.209,4,0.0,88.358452,-616.73035,135934580.0,2042.2789,399.79729,99.692604,0.0,-42.882557,-64.153297,-75.655747,-82.213071,-86.059646,-88.331429
dhdl_modified_9_lambda_5.xvg,0.209,5,0.0,45.455463,-290.81827,135934630.0,2085.1615,442.67985,142.57516,42.882557,0.0,-21.270741,-32.77319,-39.330514,-43.177089,-45.448872
dhdl_modified_9_lambda_6.xvg,0.209,6,0.0,24.179884,-152.32259,135934650.0,2106.4322,463.95059,163.8459,64.153297,21.270741,0.0,-11.50245,-18.059773,-21.906349,-24.178131
dhdl_modified_9_lambda_7.xvg,0.209,7,0.0,12.67614,-85.16626,135934660.0,2117.9347,475.45304,175.34835,75.655747,32.77319,11.50245,0.0,-6.5573235,-10.403899,-12.675681
dhdl_modified_9_lambda_8.xvg,0.209,8,0.0,6.1184607,-49.491497,135934670.0,2124.492,482.01037,181.90567,82.213071,39.330514,18.059773,6.5573235,0.0,-3.8465755,-6.1183577
dhdl_modified_9_lambda_9.xvg,0.209,9,0.0,2.271796,-29.247307,135934670.0,2128.3386,485.85694,185.75225,86.059646,43.177089,21.906349,10.403899,3.8465755,0.0,-2.2717822
dhdl_modified_9_lambda_10.xvg,0.209,10,0.0,0.0,-17.182322,135934670.0,2130.6104,488.12872,188.02403,88.331429,45.448872,24.178131,12.675681,6.1183577,2.2717822,0.0
dhdl_modified_10_lambda_0.xvg,0.21,0,0.0,26665642000000.0,-128402070.0,0.0,-128399950.0,-128401590.0,-128401880.0,-128401980.0,-128402030.0,-128402050.0,-128402060.0,-128402070.0,-128402070.0,-128402070.0
dhdl_modified_10_lambda_1.xvg,0.21,1,0.0,2151.0115,-43207.43,128399950.0,0.0,-1636.4827,-1935.6358,-2035.0379,-2077.8028,-2099.018,-2110.4915,-2117.0329,-2120.8704,-2123.137
dhdl_modified_10_lambda_2.xvg,0.21,2,0.0,487.73953,-5457.0947,128401590.0,1636.4827,0.0,-299.15317,-398.55522,-441.32018,-462.53533,-474.00888,-480.55027,-484.38776,-486.6543
dhdl_modified_10_lambda_3.xvg,0.21,3,0.0,187.63765,-1553.9617,128401880.0,1935.6358,299.15317,0.0,-99.402054,-142.16702,-163.38216,-174.85571,-181.3971,-185.23459,-187.50113
dhdl_modified_10_lambda_4.xvg,0.21,4,0.0,88.12603,-614.99866,128401980.0,2035.0379,398.55522,99.402054,0.0,-42.764961,-63.980106,-75.453658,-81.995047,-85.832536,-88.099075
dhdl_modified_10_lambda_5.xvg,0.21,5,0.0,45.340691,-290.04318,128402030.0,2077.8028,441.32018,142.16702,42.764961,0.0,-21.215145,-32.688697,-39.230086,-43.067575,-45.334114
dhdl_modified_10_lambda_6.xvg,0.21,6,0.0,24.120716,-151.9335,128402050.0,2099.018,462.53533,163.38216,63.980106,21.215145,0.0,-11.473552,-18.014941,-21.85243,-24.118969
dhdl_modified_10_lambda_7.xvg,0.21,7,0.0,12.645875,-84.95636,128402060.0,2110.4915,474.00888,174.85571,75.453658,32.688697,11.473552,0.0,-6.541389,-10.378878,-12.645417
dhdl_modified_10_lambda_8.xvg,0.21,8,0.0,6.1041307,-49.373161,128402070.0,2117.0329,480.55027,181.3971,81.995047,39.230086,18.014941,6.541389,0.0,-3.8374889,-6.1040282
dhdl_modified_10_lambda_9.xvg,0.21,9,0.0,2.2665532,-29.179144,128402070.0,2120.8704,484.38776,185.23459,85.832536,43.067575,21.85243,10.378878,3.8374889,0.0,-2.2665393
dhdl_modified_10_lambda_10.xvg,0.21,10,0.0,0.0,-17.143095,128402070.0,2123.137,486.6543,187.50113,88.099075,45.334114,24.118969,12.645417,6.1040282,2.2665393,0.0
dhdl_modified_11_lambda_0.xvg,0.211,0,0.0,23580950000000.0,-121319180.0,0.0,-121317070.0,-121318700.0,-121319000.0,-121319100.0,-121319140.0,-121319160.0,-121319170.0,-121319180.0,-121319180.0,-121319180.0
dhdl_modified_11_lambda_1.xvg,0.211,1,0.0,2143.4529,-43039.0,121317070.0,0.0,-1630.4951,-1928.6983,-2027.8102,-2070.4577,-2091.6174,-2103.0621,-2109.5875,-2113.4159,-2115.6772
dhdl_modified_11_lambda_2.xvg,0.211,2,0.0,486.26404,-5439.0498,121318700.0,1630.4951,0.0,-298.20316,-397.31509,-439.96262,-461.12225,-472.56694,-479.09241,-482.92083,-485.18213
dhdl_modified_11_lambda_3.xvg,0.211,3,0.0,187.11511,-1549.2883,121319000.0,1928.6983,298.20316,0.0,-99.111931,-141.75946,-162.91909,-174.36378,-180.88926,-184.71767,-186.97897
dhdl_modified_11_lambda_4.xvg,0.211,4,0.0,87.893929,-613.26953,121319100.0,2027.8102,397.31509,99.111931,0.0,-42.647533,-63.807161,-75.251853,-81.777328,-85.60574,-87.867043
dhdl_modified_11_lambda_5.xvg,0.211,5,0.0,45.226067,-289.26913,121319140.0,2070.4577,439.96262,141.75946,42.647533,0.0,-21.159628,-32.60432,-39.129794,-42.958206,-45.219509
dhdl_modified_11_lambda_6.xvg,0.211,6,0.0,24.061625,-151.54494,121319160.0,2091.6174,461.12225,162.91909,63.807161,21.159628,0.0,-11.444692,-17.970166,-21.798579,-24.059881
dhdl_modified_11_lambda_7.xvg,0.211,7,0.0,12.615645,-84.746704,121319170.0,2103.0621,472.56694,174.36378,75.251853,32.60432,11.444692,0.0,-6.5254745,-10.353887,-12.61519
dhdl_modified_11_lambda_8.xvg,0.211,8,0.0,6.0898175,-49.254971,121319180.0,2109.5875,479.09241,180.88926,81.777328,39.129794,17.970166,6.5254745,0.0,-3.8284123,-6.089715
dhdl_modified_11_lambda_9.xvg,0.211,9,0.0,2.2613163,-29.111061,121319180.0,2113.4159,482.92083,184.71767,85.60574,42.958206,21.798579,10.353887,3.8284123,0.0,-2.2613027
dhdl_modified_11_lambda_10.xvg,0.211,10,0.0,0.0,-17.103914,121319180.0,2115.6772,485.18213,186.97897,87.867043,45.219509,24.059881,12.61519,6.089715,2.2613027,0.0
dhdl_modified_12_lambda_0.xvg,0.212,0,0.0,20865289000000.0,-114657920.0,0.0,-114655810.0,-114657440.0,-114657730.0,-114657830.0,-114657870.0,-114657900.0,-114657910.0,-114657910.0,-114657920.0,-114657920.0
dhdl_modified_12_lambda_1.xvg,0.212,1,0.0,2135.9072,-42870.898,114655810.0,0.0,-1624.518,-1921.7727,-2020.5949,-2063.1252,-2084.2294,-2095.6452,-2102.1548,-2105.9742,-2108.2302
dhdl_modified_12_lambda_2.xvg,0.212,2,0.0,484.79086,-5421.0337,114657440.0,1624.518,0.0,-297.25471,-396.07693,-438.6072,-459.71138,-471.12725,-477.63683,-481.45618,-483.71225
dhdl_modified_12_lambda_3.xvg,0.212,3,0.0,186.59329,-1544.6223,114657730.0,1921.7727,297.25471,0.0,-98.822212,-141.35249,-162.45667,-173.87254,-180.38212,-184.20146,-186.45753
dhdl_modified_12_lambda_4.xvg,0.212,4,0.0,87.662132,-611.54272,114657830.0,2020.5949,396.07693,98.822212,0.0,-42.530273,-63.634457,-75.050325,-81.559904,-85.379251,-87.635323
dhdl_modified_12_lambda_5.xvg,0.212,5,0.0,45.111591,-288.49612,114657870.0,2063.1252,438.6072,141.35249,42.530273,0.0,-21.104183,-32.520052,-39.029631,-42.848977,-45.105049
dhdl_modified_12_lambda_6.xvg,0.212,6,0.0,24.002605,-151.15689,114657900.0,2084.2294,459.71138,162.45667,63.634457,21.104183,0.0,-11.415869,-17.925447,-21.744794,-24.000866
dhdl_modified_12_lambda_7.xvg,0.212,7,0.0,12.585452,-84.537323,114657910.0,2095.6452,471.12725,173.87254,75.050325,32.520052,11.415869,0.0,-6.5095787,-10.328925,-12.584997
dhdl_modified_12_lambda_8.xvg,0.212,8,0.0,6.0755205,-49.136917,114657910.0,2102.1548,477.63683,180.38212,81.559904,39.029631,17.925447,6.5095787,0.0,-3.8193464,-6.0754185
dhdl_modified_12_lambda_9.xvg,0.212,9,0.0,2.2560856,-29.043056,114657920.0,2105.9742,481.45618,184.20146,85.379251,42.848977,21.744794,10.328925,3.8193464,0.0,-2.256072
dhdl_modified_12_lambda_10.xvg,0.212,10,0.0,0.0,-17.064774,114657920.0,2108.2302,483.71225,186.45753,87.635323,45.105049,24.000866,12.584997,6.0754185,2.256072,0.0
dhdl_modified_13_lambda_0.xvg,0.213,0,0.0,18472868000000.0,-108390840.0,0.0,-108388740.0,-108390360.0,-108390650.0,-108390750.0,-108390800.0,-108390820.0,-108390830.0,-108390830.0,-108390840.0,-108390840.0
dhdl_modified_13_lambda_1.xvg,0.213,1,0.0,2128.3755,-42703.129,108388740.0,0.0,-1618.5525,-1914.8603,-2013.3932,-2055.8064,-2076.8552,-2088.2423,-2094.736,-2098.5463,-2100.7971
dhdl_modified_13_lambda_2.xvg,0.213,2,0.0,483.31995,-5403.0474,108390360.0,1618.5525,0.0,-296.30777,-394.84073,-437.2539,-458.30271,-469.68979,-476.18349,-479.99378,-482.24463
dhdl_modified_13_lambda_3.xvg,0.213,3,0.0,186.07224,-1539.9631,108390650.0,1914.8603,296.30777,0.0,-98.532959,-140.94613,-161.99494,-173.38202,-179.87572,-183.68601,-185.93686
dhdl_modified_13_lambda_4.xvg,0.213,4,0.0,87.430641,-609.81842,108390750.0,2013.3932,394.84073,98.532959,0.0,-42.41317,-63.461979,-74.849058,-81.342762,-85.153053,-87.4039
dhdl_modified_13_lambda_5.xvg,0.213,5,0.0,44.997257,-287.72412,108390800.0,2055.8064,437.2539,140.94613,42.41317,0.0,-21.048809,-32.435888,-38.929592,-42.739883,-44.99073
dhdl_modified_13_lambda_6.xvg,0.213,6,0.0,23.943657,-150.7693,108390820.0,2076.8552,458.30271,161.99494,63.461979,21.048809,0.0,-11.387079,-17.880783,-21.691074,-23.941921
dhdl_modified_13_lambda_7.xvg,0.213,7,0.0,12.555296,-84.328201,108390830.0,2088.2423,469.68979,173.38202,74.849058,32.435888,11.387079,0.0,-6.4937034,-10.303995,-12.554842
dhdl_modified_13_lambda_8.xvg,0.213,8,0.0,6.0612407,-49.019005,108390830.0,2094.736,476.18349,179.87572,81.342762,38.929592,17.880783,6.4937034,0.0,-3.8102915,-6.0611386
dhdl_modified_13_lambda_9.xvg,0.213,9,0.0,2.2508607,-28.975126,108390840.0,2098.5463,479.99378,183.68601,85.153053,42.739883,21.691074,10.303995,3.8102915,0.0,-2.2508471
dhdl_modified_13_lambda_10.xvg,0.213,10,0.0,0.0,-17.025681,108390840.0,2100.7971,482.24463,185.93686,87.4039,44.99073,23.941921,12.554842,6.0611386,2.2508471,0.0
dhdl_modified_14_lambda_0.xvg,0.214,0,0.0,16364094000000.0,-102493280.0,0.0,-102491190.0,-102492800.0,-102493090.0,-102493190.0,-102493240.0,-102493260.0,-102493270.0,-102493270.0,-102493280.0,-102493280.0
dhdl_modified_14_lambda_1.xvg,0.214,1,0.0,2120.8569,-42535.691,102491190.0,0.0,-1612.5976,-1907.9601,-2006.2042,-2048.5004,-2069.4939,-2080.8522,-2087.3301,-2091.1313,-2093.377
dhdl_modified_14_lambda_2.xvg,0.214,2,0.0,481.85138,-5385.0933,102492800.0,1612.5976,0.0,-295.36246,-393.60657,-435.90279,-456.89631,-468.25463,-474.73248,-478.53373,-480.77936
dhdl_modified_14_lambda_3.xvg,0.214,3,0.0,185.5519,-1535.3113,102493090.0,1907.9601,295.36246,0.0,-98.24411,-140.54034,-161.53385,-172.89218,-179.37002,-183.17127,-185.4169
dhdl_modified_14_lambda_4.xvg,0.214,4,0.0,87.199463,-608.09662,102493190.0,2006.2042,393.60657,98.24411,0.0,-42.296227,-63.289742,-74.648067,-81.125915,-84.927162,-87.172791
dhdl_modified_14_lambda_5.xvg,0.214,5,0.0,44.883072,-286.95325,102493240.0,2048.5004,435.90279,140.54034,42.296227,0.0,-20.993515,-32.35184,-38.829688,-42.630935,-44.876564
dhdl_modified_14_lambda_6.xvg,0.214,6,0.0,23.884779,-150.38223,102493260.0,2069.4939,456.89631,161.53385,63.289742,20.993515,0.0,-11.358325,-17.836173,-21.63742,-23.883049
dhdl_modified_14_lambda_7.xvg,0.214,7,0.0,12.525177,-84.119339,102493270.0,2080.8522,468.25463,172.89218,74.648067,32.35184,11.358325,0.0,-6.4778481,-10.279095,-12.524724
dhdl_modified_14_lambda_8.xvg,0.214,8,0.0,6.0469775,-48.901237,102493270.0,2087.3301,474.73248,179.37002,81.125915,38.829688,17.836173,6.4778481,0.0,-3.8012474,-6.046876
dhdl_modified_14_lambda_9.xvg,0.214,9,0.0,2.2456422,-28.907282,102493280.0,2091.1313,478.53373,183.17127,84.927162,42.630935,21.63742,10.279095,3.8012474,0.0,-2.2456286
dhdl_modified_14_lambda_10.xvg,0.214,10,0.0,0.0,-16.986633,102493280.0,2093.377,480.77936,185.4169,87.172791,44.876564,23.883049,12.524724,6.046876,2.2456286,0.0
dhdl_modified_15_lambda_0.xvg,0.215,0,0.0,14504161000000.0,-96941640.0,0.0,-96939554.0,-96941161.0,-96941455.0,-96941553.0,-96941595.0,-96941616.0,-96941628.0,-96941634.0,-96941638.0,-96941640.0
dhdl_modified_15_lambda_1.xvg,0.215,1,0.0,2113.3516,-42368.57,96939554.0,0.0,-1606.6536,-1901.0721,-1999.0277,-2041.2072,-2062.1455,-2073.4751,-2079.9371,-2083.7293,-2085.9697
dhdl_modified_15_lambda_2.xvg,0.215,2,0.0,480.38489,-5367.166,96941161.0,1606.6536,0.0,-294.4185,-392.37418,-434.55363,-455.49191,-466.82152,-473.28353,-477.07575,-479.31616
dhdl_modified_15_lambda_3.xvg,0.215,3,0.0,185.03227,-1530.6663,96941455.0,1901.0721,294.4185,0.0,-97.955681,-140.13513,-161.07341,-172.40302,-178.86503,-182.65724,-184.89766
dhdl_modified_15_lambda_4.xvg,0.215,4,0.0,86.968582,-606.37714,96941553.0,1999.0277,392.37418,97.955681,0.0,-42.179447,-63.117727,-74.447339,-80.909349,-84.701563,-86.941978
dhdl_modified_15_lambda_5.xvg,0.215,5,0.0,44.769024,-286.18329,96941595.0,2041.2072,434.55363,140.13513,42.179447,0.0,-20.93828,-32.267892,-38.729902,-42.522115,-44.762531
dhdl_modified_15_lambda_6.xvg,0.215,6,0.0,23.825977,-149.99565,96941616.0,2062.1455,455.49191,161.07341,63.117727,20.93828,0.0,-11.329612,-17.791622,-21.583835,-23.824251
dhdl_modified_15_lambda_7.xvg,0.215,7,0.0,12.495091,-83.910721,96941628.0,2073.4751,466.82152,172.40302,74.447339,32.267892,11.329612,0.0,-6.4620099,-10.254224,-12.494639
dhdl_modified_15_lambda_8.xvg,0.215,8,0.0,6.0327311,-48.783607,96941634.0,2079.9371,473.28353,178.86503,80.909349,38.729902,17.791622,6.4620099,0.0,-3.7922137,-6.0326295
dhdl_modified_15_lambda_9.xvg,0.215,9,0.0,2.2404294,-28.839512,96941638.0,2083.7293,477.07575,182.65724,84.701563,42.522115,21.583835,10.254224,3.7922137,0.0,-2.2404158
dhdl_modified_15_lambda_10.xvg,0.215,10,0.0,0.0,-16.947626,96941640.0,2085.9697,479.31616,184.89766,86.941978,44.762531,23.824251,12.494639,6.0326295,2.2404158,0.0
dhdl_modified_16_lambda_0.xvg,0.216,0,0.0,12862813000000.0,-91714352.0,0.0,-91712273.0,-91713874.0,-91714168.0,-91714265.0,-91714307.0,-91714328.0,-91714340.0,-91714346.0,-91714350.0,-91714352.0
dhdl_modified_16_lambda_1.xvg,0.216,1,0.0,2105.8604,-42201.801,91712273.0,0.0,-1600.7211,-1894.1973,-1991.8649,-2033.9278,-2054.8109,-2066.1118,-2072.558,-2076.3412,-2078.5764
dhdl_modified_16_lambda_2.xvg,0.216,2,0.0,478.92075,-5349.2715,91713874.0,1600.7211,0.0,-293.47612,-391.1438,-433.20663,-454.08976,-465.39069,-471.83689,-475.62008,-477.85529
dhdl_modified_16_lambda_3.xvg,0.216,3,0.0,184.5134,-1526.0284,91714168.0,1894.1973,293.47612,0.0,-97.667679,-139.73051,-160.61364,-171.91457,-178.36077,-182.14396,-184.37917
dhdl_modified_16_lambda_4.xvg,0.216,4,0.0,86.738014,-604.66016,91714265.0,1991.8649,391.1438,97.667679,0.0,-42.062832,-62.945961,-74.246895,-80.693087,-84.476278,-86.711487
dhdl_modified_16_lambda_5.xvg,0.216,5,0.0,44.655132,-285.41446,91714307.0,2033.9278,433.20663,139.73051,42.062832,0.0,-20.883129,-32.184063,-38.630255,-42.413446,-44.648655
dhdl_modified_16_lambda_6.xvg,0.216,6,0.0,23.767248,-149.60959,91714328.0,2054.8109,454.08976,160.61364,62.945961,20.883129,0.0,-11.300934,-17.747126,-21.530317,-23.765526
dhdl_modified_16_lambda_7.xvg,0.216,7,0.0,12.465043,-83.70237,91714340.0,2066.1118,465.39069,171.91457,74.246895,32.184063,11.300934,0.0,-6.4461918,-10.229383,-12.464592
dhdl_modified_16_lambda_8.xvg,0.216,8,0.0,6.0185013,-48.666122,91714346.0,2072.558,471.83689,178.36077,80.693087,38.630255,17.747126,6.4461918,0.0,-3.7831912,-6.0184002
dhdl_modified_16_lambda_9.xvg,0.216,9,0.0,2.2352226,-28.771824,91714350.0,2076.3412,475.62008,182.14396,84.476278,42.413446,21.530317,10.229383,3.7831912,0.0,-2.235209
dhdl_modified_16_lambda_10.xvg,0.216,10,0.0,0.0,-16.908669,91714352.0,2078.5764,477.85529,184.37917,86.711487,44.648655,23.765526,12.464592,6.0184002,2.235209,0.0
dhdl_modified_17_lambda_0.xvg,0.217,0,0.0,11413573000000.0,-86791256.0,0.0,-86789185.0,-86790780.0,-86791072.0,-86791170.0,-86791211.0,-86791232.0,-86791244.0,-86791250.0,-86791254.0,-86791256.0
dhdl_modified_17_lambda_1.xvg,0.217,1,0.0,2098.3818,-42035.344,86789185.0,0.0,-1594.7992,-1887.3344,-1984.7145,-2026.6609,-2047.4889,-2058.7612,-2065.1916,-2068.9658,-2071.1958
dhdl_modified_17_lambda_2.xvg,0.217,2,0.0,477.45874,-5331.4038,86790780.0,1594.7992,0.0,-292.5352,-389.91528,-431.86166,-452.6897,-463.962,-470.39239,-474.16657,-476.39658
dhdl_modified_17_lambda_3.xvg,0.217,3,0.0,183.99522,-1521.3975,86791072.0,1887.3344,292.5352,0.0,-97.380081,-139.32646,-160.1545,-171.42679,-177.85719,-181.63137,-183.86137
dhdl_modified_17_lambda_4.xvg,0.217,4,0.0,86.507751,-602.94562,86791170.0,1984.7145,389.91528,97.380081,0.0,-41.946377,-62.774422,-74.046712,-80.477105,-84.251284,-86.481293
dhdl_modified_17_lambda_5.xvg,0.217,5,0.0,44.541374,-284.64661,86791211.0,2026.6609,431.86166,139.32646,41.946377,0.0,-20.828045,-32.100335,-38.530728,-42.304908,-44.534916
dhdl_modified_17_lambda_6.xvg,0.217,6,0.0,23.70859,-149.224,86791232.0,2047.4889,452.6897,160.1545,62.774422,20.828045,0.0,-11.27229,-17.702683,-21.476863,-23.706871
dhdl_modified_17_lambda_7.xvg,0.217,7,0.0,12.435031,-83.494278,86791244.0,2058.7612,463.962,171.42679,74.046712,32.100335,11.27229,0.0,-6.4303932,-10.204572,-12.434581
dhdl_modified_17_lambda_8.xvg,0.217,8,0.0,6.0042887,-48.548779,86791250.0,2065.1916,470.39239,177.85719,80.477105,38.530728,17.702683,6.4303932,0.0,-3.7741792,-6.0041876
dhdl_modified_17_lambda_9.xvg,0.217,9,0.0,2.230022,-28.704214,86791254.0,2068.9658,474.16657,181.63137,84.251284,42.304908,21.476863,10.204572,3.7741792,0.0,-2.2300084
dhdl_modified_17_lambda_10.xvg,0.217,10,0.0,0.0,-16.869751,86791256.0,2071.1958,476.39658,183.86137,86.481293,44.534916,23.706871,12.434581,6.0041876,2.2300084,0.0
dhdl_modified_18_lambda_0.xvg,0.218,0,0.0,10133050000000.0,-82152792.0,0.0,-82150728.0,-82152317.0,-82152609.0,-82152706.0,-82152748.0,-82152768.0,-82152780.0,-82152786.0,-82152790.0,-82152792.0
dhdl_modified_18_lambda_1.xvg,0.218,1,0.0,2090.9172,-41869.223,82150728.0,0.0,-1588.8886,-1880.4845,-1977.5774,-2019.4075,-2040.1806,-2051.4243,-2057.8389,-2061.604,-2063.8289
dhdl_modified_18_lambda_2.xvg,0.218,2,0.0,475.99915,-5313.5684,82152317.0,1588.8886,0.0,-291.5959,-388.68884,-430.51892,-451.29196,-462.53564,-468.95026,-472.71543,-474.94025
dhdl_modified_18_lambda_3.xvg,0.218,3,0.0,183.47781,-1516.7738,82152609.0,1880.4845,291.5959,0.0,-97.092934,-138.92302,-159.69605,-170.93974,-177.35435,-181.11953,-183.34435
dhdl_modified_18_lambda_4.xvg,0.218,4,0.0,86.277802,-601.23352,82152706.0,1977.5774,388.68884,97.092934,0.0,-41.830086,-62.603121,-73.846807,-80.26142,-84.026598,-86.251411
dhdl_modified_18_lambda_5.xvg,0.218,5,0.0,44.427769,-283.87982,82152748.0,2019.4075,430.51892,138.92302,41.830086,0.0,-20.773035,-32.016722,-38.431334,-42.196512,-44.421326
dhdl_modified_18_lambda_6.xvg,0.218,6,0.0,23.650005,-148.83891,82152768.0,2040.1806,451.29196,159.69605,62.603121,20.773035,0.0,-11.243687,-17.658299,-21.423477,-23.648291
dhdl_modified_18_lambda_7.xvg,0.218,7,0.0,12.405053,-83.286438,82152780.0,2051.4243,462.53564,170.93974,73.846807,32.016722,11.243687,0.0,-6.4146128,-10.17979,-12.404604
dhdl_modified_18_lambda_8.xvg,0.218,8,0.0,5.9900918,-48.431576,82152786.0,2057.8389,468.95026,177.35435,80.26142,38.431334,17.658299,6.4146128,0.0,-3.7651775,-5.9899912
dhdl_modified_18_lambda_9.xvg,0.218,9,0.0,2.2248273,-28.636681,82152790.0,2061.604,472.71543,181.11953,84.026598,42.196512,21.423477,10.17979,3.7651775,0.0,-2.2248137
dhdl_modified_18_lambda_10.xvg,0.218,10,0.0,0.0,-16.830879,82152792.0,2063.8289,474.94025,183.34435,86.251411,44.421326,23.648291,12.404604,5.9899912,2.2248137,0.0
dhdl_modified_19_lambda_0.xvg,0.219,0,0.0,9001129500000.0,-77781888.0,0.0,-77779832.0,-77781415.0,-77781705.0,-77781802.0,-77781844.0,-77781864.0,-77781876.0,-77781882.0,-77781886.0,-77781888.0
dhdl_modified_19_lambda_1.xvg,0.219,1,0.0,2083.4661,-41703.43,77779832.0,0.0,-1582.989,-1873.647,-1970.4533,-2012.1672,-2032.8853,-2044.1004,-2050.4993,-2054.2555,-2056.4751
dhdl_modified_19_lambda_2.xvg,0.219,2,0.0,474.54178,-5295.7627,77781415.0,1582.989,0.0,-290.6581,-387.4643,-429.17826,-449.89636,-461.11148,-467.51033,-471.26652,-473.48615
dhdl_modified_19_lambda_3.xvg,0.219,3,0.0,182.96115,-1512.157,77781705.0,1873.647,290.6581,0.0,-96.806206,-138.52016,-159.23827,-170.45338,-176.85224,-180.60842,-182.82805
dhdl_modified_19_lambda_4.xvg,0.219,4,0.0,86.048157,-599.52386,77781802.0,1970.4533,387.4643,96.806206,0.0,-41.713959,-62.43206,-73.647177,-80.046031,-83.802218,-86.021843
dhdl_modified_19_lambda_5.xvg,0.219,5,0.0,44.314312,-283.11407,77781844.0,2012.1672,429.17826,138.52016,41.713959,0.0,-20.718102,-31.933218,-38.332072,-42.088259,-44.307884
dhdl_modified_19_lambda_6.xvg,0.219,6,0.0,23.591492,-148.45435,77781864.0,2032.8853,449.89636,159.23827,62.43206,20.718102,0.0,-11.215117,-17.613971,-21.370158,-23.589783
dhdl_modified_19_lambda_7.xvg,0.219,7,0.0,12.375113,-83.078873,77781876.0,2044.1004,461.11148,170.45338,73.647177,31.933218,11.215117,0.0,-6.3988543,-10.155041,-12.374666
dhdl_modified_19_lambda_8.xvg,0.219,8,0.0,5.9759126,-48.314514,77781882.0,2050.4993,467.51033,176.85224,80.046031,38.332072,17.613971,6.3988543,0.0,-3.756187,-5.975812
dhdl_modified_19_lambda_9.xvg,0.219,9,0.0,2.2196383,-28.569231,77781886.0,2054.2555,471.26652,180.60842,83.802218,42.088259,21.370158,10.155041,3.756187,0.0,-2.219625
dhdl_modified_19_lambda_10.xvg,0.219,10,0.0,0.0,-16.792051,77781888.0,2056.4751,473.48615,182.82805,86.021843,44.307884,23.589783,12.374666,5.975812,2.219625,0.0
dhdl_modified_20_lambda_0.xvg,0.22,0,0.0,7999923400000.0,-73661688.0,0.0,-73659639.0,-73661216.0,-73661506.0,-73661602.0,-73661644.0,-73661664.0,-73661676.0,-73661682.0,-73661686.0,-73661688.0
dhdl_modified_20_lambda_1.xvg,0.22,1,0.0,2076.0281,-41537.965,73659639.0,0.0,-1577.1003,-1866.822,-1963.3419,-2004.9399,-2025.6032,-2036.7898,-2043.1729,-2046.9201,-2049.1345
dhdl_modified_20_lambda_2.xvg,0.22,2,0.0,473.08655,-5277.9863,73661216.0,1577.1003,0.0,-289.72169,-386.24161,-427.8396,-448.50283,-459.68942,-466.07253,-469.81974,-472.03418
dhdl_modified_20_lambda_3.xvg,0.22,3,0.0,182.44521,-1507.5472,73661506.0,1866.822,289.72169,0.0,-96.519913,-138.1179,-158.78114,-169.96772,-176.35084,-180.09804,-182.31248
dhdl_modified_20_lambda_4.xvg,0.22,4,0.0,85.818817,-597.81659,73661602.0,1963.3419,386.24161,96.519913,0.0,-41.597992,-62.261227,-73.447809,-79.830923,-83.57813,-85.792572
dhdl_modified_20_lambda_5.xvg,0.22,5,0.0,44.200989,-282.34937,73661644.0,2004.9399,427.8396,138.1179,41.597992,0.0,-20.663235,-31.849817,-38.232931,-41.980138,-44.19458
dhdl_modified_20_lambda_6.xvg,0.22,6,0.0,23.533051,-148.07025,73661664.0,2025.6032,448.50283,158.78114,62.261227,20.663235,0.0,-11.186583,-17.569696,-21.316903,-23.531345
dhdl_modified_20_lambda_7.xvg,0.22,7,0.0,12.345209,-82.871559,73661676.0,2036.7898,459.68942,169.96772,73.447809,31.849817,11.186583,0.0,-6.3831139,-10.13032,-12.344763
