XVG Filename,Distance (nm),Lambda State,Time (ps),Total Energy (kJ/mol),dH/dλ vdw-lambda = 0.0000,ΔH λ to 0.0000,ΔH λ to 0.1000,ΔH λ to 0.2000,ΔH λ to 0.3000,ΔH λ to 0.4000,ΔH λ to 0.5000,ΔH λ to 0.6000,ΔH λ to 0.7000,ΔH λ to 0.8000,ΔH λ to 0.9000,ΔH λ to 1.0000
dhdl_modified_0_lambda_0.xvg,0.2,0,0.0,94233940000000.0,-229942140.0,0.0,-229939950.0,-229941640.0,-229941950.0,-229942050.0,-229942100.0,-229942120.0,-229942130.0,-229942140.0,-229942140.0,-229942140.0
dhdl_modified_0_lambda_1.xvg,0.2,1,0.0,2227.3442,-44909.816,229939950.0,0.0,-1696.9667,-2005.7034,-2108.0308,-2151.9795,-2173.7545,-2185.5193,-2192.2216,-2196.1511,-2198.4709
dhdl_modified_0_lambda_2.xvg,0.2,2,0.0,502.62277,-5639.2026,229941640.0,1696.9667,0.0,-308.73669,-411.06403,-455.01279,-476.78779,-488.55259,-495.25484,-499.18433,-501.50421
dhdl_modified_0_lambda_3.xvg,0.2,3,0.0,192.90788,-1601.0874,229941950.0,2005.7034,308.73669,0.0,-102.32734,-146.2761,-168.05109,-179.8159,-186.51814,-190.44763,-192.76752
dhdl_modified_0_lambda_4.xvg,0.2,4,0.0,90.46785,-632.43109,229942050.0,2108.0308,411.06403,102.32734,0.0,-43.948761,-65.723753,-77.488559,-84.190805,-88.120294,-90.440178
dhdl_modified_0_lambda_5.xvg,0.2,5,0.0,46.498161,-297.84705,229942100.0,2151.9795,455.01279,146.2761,43.948761,0.0,-21.774992,-33.539798,-40.242044,-44.171533,-46.491417
dhdl_modified_0_lambda_6.xvg,0.2,6,0.0,24.718216,-155.85301,229942120.0,2173.7545,476.78779,168.05109,65.723753,21.774992,0.0,-11.764806,-18.467052,-22.396541,-24.716425
dhdl_modified_0_lambda_7.xvg,0.2,7,0.0,12.952087,-87.073502,229942130.0,2185.5193,488.55259,179.8159,77.488559,33.539798,11.764806,0.0,-6.7022462,-10.631735,-12.951619
dhdl_modified_0_lambda_8.xvg,0.2,8,0.0,6.2494779,-50.569328,229942140.0,2192.2216,495.25484,186.51814,84.190805,40.242044,18.467052,6.7022462,0.0,-3.9294887,-6.249373
dhdl_modified_0_lambda_9.xvg,0.2,9,0.0,2.3198984,-29.870808,229942140.0,2196.1511,499.18433,190.44763,88.120294,44.171533,22.396541,10.631735,3.9294887,0.0,-2.3198843
dhdl_modified_0_lambda_10.xvg,0.2,10,0.0,0.0,-17.543827,229942140.0,2198.4709,501.50421,192.76752,90.440178,46.491417,24.716425,12.951619,6.249373,2.3198843,0.0
dhdl_modified_1_lambda_0.xvg,0.201,0,0.0,82826246000000.0,-216647580.0,0.0,-216645390.0,-216647080.0,-216647390.0,-216647490.0,-216647540.0,-216647560.0,-216647570.0,-216647580.0,-216647580.0,-216647580.0
dhdl_modified_1_lambda_1.xvg,0.201,1,0.0,2219.6514,-44738.102,216645390.0,0.0,-1690.8692,-1998.6409,-2100.6738,-2144.5035,-2166.2223,-2177.9579,-2184.644,-2188.5643,-2190.8789
dhdl_modified_1_lambda_2.xvg,0.201,2,0.0,501.12494,-5620.8589,216647080.0,1690.8692,0.0,-307.77168,-409.80464,-453.63437,-475.35312,-487.0887,-493.77484,-497.69515,-500.00974
dhdl_modified_1_lambda_3.xvg,0.201,3,0.0,192.37804,-1596.344,216647390.0,1998.6409,307.77168,0.0,-102.03296,-145.86269,-167.58144,-179.31702,-186.00316,-189.92346,-192.23805
dhdl_modified_1_lambda_4.xvg,0.201,4,0.0,90.232697,-630.67761,216647490.0,2100.6738,409.80464,102.03296,0.0,-43.829727,-65.548481,-77.28406,-83.9702,-87.890506,-90.205093
dhdl_modified_1_lambda_5.xvg,0.201,5,0.0,46.382092,-297.06268,216647540.0,2144.5035,453.63437,145.86269,43.829727,0.0,-21.718754,-33.454332,-40.140473,-44.060778,-46.375366
dhdl_modified_1_lambda_6.xvg,0.201,6,0.0,24.6584,-155.45949,216647560.0,2166.2223,475.35312,167.58144,65.548481,21.718754,0.0,-11.735579,-18.421719,-22.342025,-24.656612
dhdl_modified_1_lambda_7.xvg,0.201,7,0.0,12.921501,-86.861282,216647570.0,2177.9579,487.0887,179.31702,77.28406,33.454332,11.735579,0.0,-6.6861405,-10.606446,-12.921034
dhdl_modified_1_lambda_8.xvg,0.201,8,0.0,6.2349982,-50.44973,216647580.0,2184.644,493.77484,186.00316,83.9702,40.140473,18.421719,6.6861405,0.0,-3.9203055,-6.2348933
dhdl_modified_1_lambda_9.xvg,0.201,9,0.0,2.3146019,-29.801937,216647580.0,2188.5643,497.69515,189.92346,87.890506,44.060778,22.342025,10.606446,3.9203055,0.0,-2.3145878
dhdl_modified_1_lambda_10.xvg,0.201,10,0.0,0.0,-17.504206,216647580.0,2190.8789,500.00974,192.23805,90.205093,46.375366,24.656612,12.921034,6.2348933,2.3145878,0.0
dhdl_modified_2_lambda_0.xvg,0.202,0,0.0,72846143000000.0,-204181900.0,0.0,-204179720.0,-204181410.0,-204181710.0,-204181810.0,-204181860.0,-204181880.0,-204181890.0,-204181900.0,-204181900.0,-204181900.0
dhdl_modified_2_lambda_1.xvg,0.202,1,0.0,2211.9712,-44566.699,204179720.0,0.0,-1684.7818,-1991.5898,-2093.3288,-2137.0396,-2158.7022,-2170.4086,-2177.0786,-2180.9898,-2183.2991
dhdl_modified_2_lambda_2.xvg,0.202,2,0.0,499.62909,-5602.5425,204181410.0,1684.7818,0.0,-306.80797,-408.54697,-452.2578,-473.92037,-485.62676,-492.29681,-496.20795,-498.51724
dhdl_modified_2_lambda_3.xvg,0.202,3,0.0,191.84886,-1591.6069,204181710.0,1991.5898,306.80797,0.0,-101.739,-145.44984,-167.1124,-178.8188,-185.48885,-189.39998,-191.70927
dhdl_modified_2_lambda_4.xvg,0.202,4,0.0,89.997803,-628.92633,204181810.0,2093.3288,408.54697,101.739,0.0,-43.710838,-65.373405,-77.079797,-83.749847,-87.660979,-89.970276
dhdl_modified_2_lambda_5.xvg,0.202,5,0.0,46.266148,-296.27924,204181860.0,2137.0396,452.2578,145.44984,43.710838,0.0,-21.662567,-33.368958,-40.039009,-43.950141,-46.259438
dhdl_modified_2_lambda_6.xvg,0.202,6,0.0,24.598652,-155.06641,204181880.0,2158.7022,473.92037,167.1124,65.373405,21.662567,0.0,-11.706391,-18.376441,-22.287574,-24.59687
dhdl_modified_2_lambda_7.xvg,0.202,7,0.0,12.890945,-86.6493,204181890.0,2170.4086,485.62676,178.8188,77.079797,33.368958,11.706391,0.0,-6.6700501,-10.581182,-12.890479
dhdl_modified_2_lambda_8.xvg,0.202,8,0.0,6.2205334,-50.330261,204181900.0,2177.0786,492.29681,185.48885,83.749847,40.039009,18.376441,6.6700501,0.0,-3.9111323,-6.2204289
dhdl_modified_2_lambda_9.xvg,0.202,9,0.0,2.3093107,-29.733135,204181900.0,2180.9898,496.20795,189.39998,87.660979,43.950141,22.287574,10.581182,3.9111323,0.0,-2.3092966
dhdl_modified_2_lambda_10.xvg,0.202,10,0.0,0.0,-17.464622,204181900.0,2183.2991,498.51724,191.70927,89.970276,46.259438,24.59687,12.890479,6.2204289,2.3092966,0.0
dhdl_modified_3_lambda_0.xvg,0.203,0,0.0,64108926000000.0,-192489410.0,0.0,-192487230.0,-192488910.0,-192489220.0,-192489320.0,-192489360.0,-192489380.0,-192489400.0,-192489400.0,-192489410.0,-192489410.0
dhdl_modified_3_lambda_1.xvg,0.203,1,0.0,2204.3049,-44395.641,192487230.0,0.0,-1678.706,-1984.5519,-2085.9974,-2129.5895,-2151.1959,-2162.8732,-2169.5272,-2173.4291,-2175.7332
dhdl_modified_3_lambda_2.xvg,0.203,2,0.0,498.13571,-5584.2588,192488910.0,1678.706,0.0,-305.84593,-407.2914,-450.88352,-472.48999,-484.16723,-490.82121,-494.72318,-497.02719
dhdl_modified_3_lambda_3.xvg,0.203,3,0.0,191.32047,-1586.8774,192489220.0,1984.5519,305.84593,0.0,-101.44547,-145.03759,-166.64405,-178.3213,-184.97528,-188.87725,-191.18126
dhdl_modified_3_lambda_4.xvg,0.203,4,0.0,89.763252,-627.17773,192489320.0,2085.9974,407.2914,101.44547,0.0,-43.592125,-65.198589,-76.875832,-83.529811,-87.431782,-89.735794
dhdl_modified_3_lambda_5.xvg,0.203,5,0.0,46.15036,-295.49695,192489360.0,2129.5895,450.88352,145.03759,43.592125,0.0,-21.606464,-33.283707,-39.937686,-43.839657,-46.143669
dhdl_modified_3_lambda_6.xvg,0.203,6,0.0,24.538982,-154.67387,192489380.0,2151.1959,472.48999,166.64405,65.198589,21.606464,0.0,-11.677242,-18.331222,-22.233193,-24.537205
dhdl_modified_3_lambda_7.xvg,0.203,7,0.0,12.860428,-86.437576,192489400.0,2162.8732,484.16723,178.3213,76.875832,33.283707,11.677242,0.0,-6.6539798,-10.55595,-12.859962
dhdl_modified_3_lambda_8.xvg,0.203,8,0.0,6.2060871,-50.210938,192489400.0,2169.5272,490.82121,184.97528,83.529811,39.937686,18.331222,6.6539798,0.0,-3.9019706,-6.2059827
dhdl_modified_3_lambda_9.xvg,0.203,9,0.0,2.3040261,-29.664423,192489410.0,2173.4291,494.72318,188.87725,87.431782,43.839657,22.233193,10.55595,3.9019706,0.0,-2.3040121
dhdl_modified_3_lambda_10.xvg,0.203,10,0.0,0.0,-17.425087,192489410.0,2175.7332,497.02719,191.18126,89.735794,46.143669,24.537205,12.859962,6.2059827,2.3040121,0.0
dhdl_modified_4_lambda_0.xvg,0.204,0,0.0,56454757000000.0,-181518590.0,0.0,-181516420.0,-181518100.0,-181518400.0,-181518500.0,-181518550.0,-181518570.0,-181518580.0,-181518590.0,-181518590.0,-181518590.0
dhdl_modified_4_lambda_1.xvg,0.204,1,0.0,2196.6526,-44224.914,181516420.0,0.0,-1672.6415,-1977.5269,-2078.6793,-2122.1529,-2143.7033,-2155.3514,-2161.9894,-2165.8822,-2168.1809
dhdl_modified_4_lambda_2.xvg,0.204,2,0.0,496.64453,-5566.0029,181518100.0,1672.6415,0.0,-304.88538,-406.03776,-449.51131,-471.06176,-482.70988,-489.34781,-493.24063,-495.53937
dhdl_modified_4_lambda_3.xvg,0.204,3,0.0,190.79282,-1582.155,181518400.0,1977.5269,304.88538,0.0,-101.15238,-144.62594,-166.17638,-177.82451,-184.46244,-188.35526,-190.65399
dhdl_modified_4_lambda_4.xvg,0.204,4,0.0,89.528992,-625.4314,181518500.0,2078.6793,406.03776,101.15238,0.0,-43.473557,-65.023998,-76.672127,-83.310057,-87.202877,-89.50161
dhdl_modified_4_lambda_5.xvg,0.204,5,0.0,46.034729,-294.71567,181518550.0,2122.1529,449.51131,144.62594,43.473557,0.0,-21.550442,-33.19857,-39.8365,-43.72932,-46.028053
dhdl_modified_4_lambda_6.xvg,0.204,6,0.0,24.479385,-154.28183,181518570.0,2143.7033,471.06176,166.17638,65.023998,21.550442,0.0,-11.648129,-18.286058,-22.178878,-24.477612
dhdl_modified_4_lambda_7.xvg,0.204,7,0.0,12.829947,-86.226135,181518580.0,2155.3514,482.70988,177.82451,76.672127,33.19857,11.648129,0.0,-6.6379299,-10.53075,-12.829483
dhdl_modified_4_lambda_8.xvg,0.204,8,0.0,6.1916571,-50.091759,181518590.0,2161.9894,489.34781,184.46244,83.310057,39.8365,18.286058,6.6379299,0.0,-3.8928199,-6.1915531
dhdl_modified_4_lambda_9.xvg,0.204,9,0.0,2.2987471,-29.595785,181518590.0,2165.8822,493.24063,188.35526,87.202877,43.72932,22.178878,10.53075,3.8928199,0.0,-2.2987332
dhdl_modified_4_lambda_10.xvg,0.204,10,0.0,0.0,-17.385597,181518590.0,2168.1809,495.53937,190.65399,89.50161,46.028053,24.477612,12.829483,6.1915531,2.2987332,0.0
dhdl_modified_5_lambda_0.xvg,0.205,0,0.0,49745377000000.0,-171222160.0,0.0,-171220000.0,-171221670.0,-171221970.0,-171222070.0,-171222110.0,-171222140.0,-171222150.0,-171222150.0,-171222160.0,-171222160.0
dhdl_modified_5_lambda_1.xvg,0.205,1,0.0,2189.0132,-44054.508,171220000.0,0.0,-1666.5878,-1970.5141,-2071.3739,-2114.729,-2136.2235,-2147.8426,-2154.4645,-2158.3481,-2160.6416
dhdl_modified_5_lambda_2.xvg,0.205,2,0.0,495.15564,-5547.7783,171221670.0,1666.5878,0.0,-303.92635,-404.78606,-448.14123,-469.63572,-481.25476,-487.87666,-491.76034,-494.0538
dhdl_modified_5_lambda_3.xvg,0.205,3,0.0,190.26588,-1577.4395,171221970.0,1970.5141,303.92635,0.0,-100.85972,-144.21488,-165.70937,-177.32842,-183.95032,-187.834,-190.12746
dhdl_modified_5_lambda_4.xvg,0.205,4,0.0,89.295052,-623.68762,171222070.0,2071.3739,404.78606,100.85972,0.0,-43.355164,-64.849651,-76.468698,-83.090598,-86.974277,-89.267738
dhdl_modified_5_lambda_5.xvg,0.205,5,0.0,45.919235,-293.93542,171222110.0,2114.729,448.14123,144.21488,43.355164,0.0,-21.494488,-33.113534,-39.735435,-43.619114,-45.912575
dhdl_modified_5_lambda_6.xvg,0.205,6,0.0,24.419857,-153.89029,171222140.0,2136.2235,469.63572,165.70937,64.849651,21.494488,0.0,-11.619046,-18.240947,-22.124626,-24.418087
dhdl_modified_5_lambda_7.xvg,0.205,7,0.0,12.799503,-86.014938,171222150.0,2147.8426,481.25476,177.32842,76.468698,33.113534,11.619046,0.0,-6.6219006,-10.50558,-12.799041
dhdl_modified_5_lambda_8.xvg,0.205,8,0.0,6.1772442,-49.972725,171222150.0,2154.4645,487.87666,183.95032,83.090598,39.735435,18.240947,6.6219006,0.0,-3.8836792,-6.1771402
dhdl_modified_5_lambda_9.xvg,0.205,9,0.0,2.2934749,-29.527231,171222160.0,2158.3481,491.76034,187.834,86.974277,43.619114,22.124626,10.50558,3.8836792,0.0,-2.2934611
dhdl_modified_5_lambda_10.xvg,0.205,10,0.0,0.0,-17.346149,171222160.0,2160.6416,494.0538,190.12746,89.267738,45.912575,24.418087,12.799041,6.1771402,2.2934611,0.0
dhdl_modified_6_lambda_0.xvg,0.206,0,0.0,43859963000000.0,-161555040.0,0.0,-161552890.0,-161554550.0,-161554850.0,-161554950.0,-161554990.0,-161555020.0,-161555030.0,-161555030.0,-161555040.0,-161555040.0
dhdl_modified_6_lambda_1.xvg,0.206,1,0.0,2181.387,-43884.441,161552890.0,0.0,-1660.5446,-1963.5134,-2064.0808,-2107.3177,-2128.7564,-2140.3464,-2146.9522,-2150.8268,-2153.115
dhdl_modified_6_lambda_2.xvg,0.206,2,0.0,493.66891,-5529.5825,161554550.0,1660.5446,0.0,-302.96878,-403.53624,-446.77316,-468.21177,-479.80177,-486.40766,-490.28221,-492.5704
dhdl_modified_6_lambda_3.xvg,0.206,3,0.0,189.73967,-1572.7312,161554850.0,1963.5134,302.96878,0.0,-100.56746,-143.80438,-165.24299,-176.83299,-183.43888,-187.31343,-189.60162
dhdl_modified_6_lambda_4.xvg,0.206,4,0.0,89.061409,-621.94629,161554950.0,2064.0808,403.53624,100.56746,0.0,-43.236923,-64.675528,-76.265532,-82.871421,-86.74597,-89.034164
dhdl_modified_6_lambda_5.xvg,0.206,5,0.0,45.803883,-293.15619,161554990.0,2107.3177,446.77316,143.80438,43.236923,0.0,-21.438604,-33.028608,-39.634498,-43.509047,-45.797241
dhdl_modified_6_lambda_6.xvg,0.206,6,0.0,24.360401,-153.49921,161555020.0,2128.7564,468.21177,165.24299,64.675528,21.438604,0.0,-11.590004,-18.195894,-22.070443,-24.358637
dhdl_modified_6_lambda_7.xvg,0.206,7,0.0,12.769094,-85.804001,161555030.0,2140.3464,479.80177,176.83299,76.265532,33.028608,11.590004,0.0,-6.6058898,-10.480439,-12.768633
dhdl_modified_6_lambda_8.xvg,0.206,8,0.0,6.1628466,-49.853821,161555030.0,2146.9522,486.40766,183.43888,82.871421,39.634498,18.195894,6.6058898,0.0,-3.8745492,-6.1627431
dhdl_modified_6_lambda_9.xvg,0.206,9,0.0,2.2882078,-29.45875,161555040.0,2150.8268,490.28221,187.31343,86.74597,43.509047,22.070443,10.480439,3.8745492,0.0,-2.2881939
dhdl_modified_6_lambda_10.xvg,0.206,10,0.0,0.0,-17.306747,161555040.0,2153.115,492.5704,189.60162,89.034164,45.797241,24.358637,12.768633,6.1627431,2.2881939,0.0
dhdl_modified_7_lambda_0.xvg,0.207,0,0.0,38694724000000.0,-152477060.0,0.0,-152474910.0,-152476560.0,-152476870.0,-152476970.0,-152477010.0,-152477030.0,-152477040.0,-152477050.0,-152477050.0,-152477060.0
dhdl_modified_7_lambda_1.xvg,0.207,1,0.0,2173.7744,-43714.691,152474910.0,0.0,-1654.5127,-1956.5255,-2056.8011,-2099.92,-2121.3028,-2132.8638,-2139.4537,-2143.3191,-2145.6021
dhdl_modified_7_lambda_2.xvg,0.207,2,0.0,492.18451,-5511.418,152476560.0,1654.5127,0.0,-302.01277,-402.28841,-445.40727,-466.79007,-478.35106,-484.94096,-488.80639,-491.08932
dhdl_modified_7_lambda_3.xvg,0.207,3,0.0,189.21422,-1568.0299,152476870.0,1956.5255,302.01277,0.0,-100.27564,-143.3945,-164.77729,-176.33829,-182.92819,-186.79362,-189.07655
dhdl_modified_7_lambda_4.xvg,0.207,4,0.0,88.828079,-620.20734,152476970.0,2056.8011,402.28841,100.27564,0.0,-43.118858,-64.501652,-76.06265,-82.652548,-86.517977,-88.800911
dhdl_modified_7_lambda_5.xvg,0.207,5,0.0,45.688679,-292.37799,152477010.0,2099.92,445.40727,143.3945,43.118858,0.0,-21.382793,-32.943791,-39.533689,-43.399119,-45.682053
dhdl_modified_7_lambda_6.xvg,0.207,6,0.0,24.30102,-153.10867,152477030.0,2121.3028,466.79007,164.77729,64.501652,21.382793,0.0,-11.560998,-18.150896,-22.016326,-24.299259
dhdl_modified_7_lambda_7.xvg,0.207,7,0.0,12.738722,-85.593323,152477040.0,2132.8638,478.35106,176.33829,76.06265,32.943791,11.560998,0.0,-6.5898981,-10.455328,-12.738261
dhdl_modified_7_lambda_8.xvg,0.207,8,0.0,6.1484666,-49.735065,152477050.0,2139.4537,484.94096,182.92819,82.652548,39.533689,18.150896,6.5898981,0.0,-3.8654296,-6.1483631
dhdl_modified_7_lambda_9.xvg,0.207,9,0.0,2.2829473,-29.390352,152477050.0,2143.3191,488.80639,186.79362,86.517977,43.399119,22.016326,10.455328,3.8654296,0.0,-2.2829335
dhdl_modified_7_lambda_10.xvg,0.207,10,0.0,0.0,-17.267387,152477060.0,2145.6021,491.08932,189.07655,88.800911,45.682053,24.299259,12.738261,6.1483631,2.2829335,0.0
dhdl_modified_8_lambda_0.xvg,0.208,0,0.0,34158166000000.0,-143948880.0,0.0,-143946740.0,-143948390.0,-143948690.0,-143948790.0,-143948830.0,-143948860.0,-143948870.0,-143948870.0,-143948880.0,-143948880.0
dhdl_modified_8_lambda_1.xvg,0.208,1,0.0,2166.1755,-43545.281,143946740.0,0.0,-1648.492,-1949.5503,-2049.5346,-2092.5355,-2113.8626,-2125.3946,-2131.9685,-2135.8249,-2138.1025
dhdl_modified_8_lambda_2.xvg,0.208,2,0.0,490.70236,-5493.2827,143948390.0,1648.492,0.0,-301.0583,-401.04254,-444.04349,-465.37055,-476.90258,-483.4765,-487.33283,-489.6105
dhdl_modified_8_lambda_3.xvg,0.208,3,0.0,188.68948,-1563.3357,143948690.0,1949.5503,301.0583,0.0,-99.984238,-142.98518,-164.31224,-175.84428,-182.4182,-186.27452,-188.5522
dhdl_modified_8_lambda_4.xvg,0.208,4,0.0,88.595062,-618.47089,143948790.0,2049.5346,401.04254,99.984238,0.0,-43.000946,-64.328007,-75.860039,-82.433962,-86.290284,-88.567963
dhdl_modified_8_lambda_5.xvg,0.208,5,0.0,45.573627,-291.60089,143948830.0,2092.5355,444.04349,142.98518,43.000946,0.0,-21.327061,-32.859093,-39.433016,-43.289338,-45.567017
dhdl_modified_8_lambda_6.xvg,0.208,6,0.0,24.241713,-152.71861,143948860.0,2113.8626,465.37055,164.31224,64.328007,21.327061,0.0,-11.532032,-18.105956,-21.962277,-24.239956
dhdl_modified_8_lambda_7.xvg,0.208,7,0.0,12.708384,-85.382896,143948870.0,2125.3946,476.90258,175.84428,75.860039,32.859093,11.532032,0.0,-6.5739236,-10.430245,-12.707924
dhdl_modified_8_lambda_8.xvg,0.208,8,0.0,6.1341033,-49.616451,143948870.0,2131.9685,483.4765,182.4182,82.433962,39.433016,18.105956,6.5739236,0.0,-3.8563216,-6.1340003
dhdl_modified_8_lambda_9.xvg,0.208,9,0.0,2.2776926,-29.322029,143948880.0,2135.8249,487.33283,186.27452,86.290284,43.289338,21.962277,10.430245,3.8563216,0.0,-2.2776787
dhdl_modified_8_lambda_10.xvg,0.208,10,0.0,0.0,-17.228073,143948880.0,2138.1025,489.6105,188.5522,88.567963,45.567017,24.239956,12.707924,6.1340003,2.2776787,0.0
dhdl_modified_9_lambda_0.xvg,0.209,0,0.0,30171254000000.0,-135934670.0,0.0,-135932540.0,-135934180.0,-135934480.0,-135934580.0,-135934630.0,-135934650.0,-135934660.0,-135934670.0,-135934670.0,-135934670.0
dhdl_modified_9_lambda_1.xvg,0.209,1,0.0,2158.5901,-43376.195,135932540.0,0.0,-1642.4826,-1942.5879,-2042.2811,-2085.1643,-2106.4357,-2117.9388,-2124.4968,-2128.344,-2130.6165
dhdl_modified_9_lambda_2.xvg,0.209,2,0.0,489.22241,-5475.1777,135934180.0,1642.4826,0.0,-300.10532,-399.79856,-442.68177,-463.95316,-475.45625,-482.01423,-485.86145,-488.13388
dhdl_modified_9_lambda_3.xvg,0.209,3,0.0,188.16547,-1558.6484,135934480.0,1942.5879,300.10532,0.0,-99.693245,-142.57645,-163.84784,-175.35094,-181.90891,-185.75613,-188.02856
dhdl_modified_9_lambda_4.xvg,0.209,4,0.0,88.362343,-616.73682,135934580.0,2042.2811,399.79856,99.693245,0.0,-42.883209,-64.154596,-75.657694,-82.215665,-86.062889,-88.33532
dhdl_modified_9_lambda_5.xvg,0.209,5,0.0,45.458702,-290.82477,135934630.0,2085.1643,442.68177,142.57645,42.883209,0.0,-21.271387,-32.774485,-39.332456,-43.17968,-45.45211
dhdl_modified_9_lambda_6.xvg,0.209,6,0.0,24.182476,-152.32907,135934650.0,2106.4357,463.95316,163.84784,64.154596,21.271387,0.0,-11.503098,-18.061069,-21.908293,-24.180723
dhdl_modified_9_lambda_7.xvg,0.209,7,0.0,12.678084,-85.172745,135934660.0,2117.9388,475.45625,175.35094,75.657694,32.774485,11.503098,0.0,-6.5579715,-10.405195,-12.677626
dhdl_modified_9_lambda_8.xvg,0.209,8,0.0,6.1197572,-49.497978,135934670.0,2124.4968,482.01423,181.90891,82.215665,39.332456,18.061069,6.5579715,0.0,-3.847224,-6.1196542
dhdl_modified_9_lambda_9.xvg,0.209,9,0.0,2.272444,-29.253788,135934670.0,2128.344,485.86145,185.75613,86.062889,43.17968,21.908293,10.405195,3.847224,0.0,-2.2724302
dhdl_modified_9_lambda_10.xvg,0.209,10,0.0,0.0,-17.188803,135934670.0,2130.6165,488.13388,188.02856,88.33532,45.45211,24.180723,12.677626,6.1196542,2.2724302,0.0
dhdl_modified_10_lambda_0.xvg,0.21,0,0.0,26665642000000.0,-128402070.0,0.0,-128399950.0,-128401590.0,-128401880.0,-128401980.0,-128402030.0,-128402050.0,-128402060.0,-128402070.0,-128402070.0,-128402070.0
dhdl_modified_10_lambda_1.xvg,0.21,1,0.0,2151.0176,-43207.434,128399950.0,0.0,-1636.4836,-1935.6374,-2035.0401,-2077.8057,-2099.0215,-2110.4957,-2117.0377,-2120.8759,-2123.1431
dhdl_modified_10_lambda_2.xvg,0.21,2,0.0,487.74472,-5457.1011,128401590.0,1636.4836,0.0,-299.15382,-398.55652,-441.32213,-462.53792,-474.01212,-480.55416,-484.3923,-486.65948
dhdl_modified_10_lambda_3.xvg,0.21,3,0.0,187.64218,-1553.9681,128401880.0,1935.6374,299.15382,0.0,-99.402695,-142.1683,-163.3841,-174.8583,-181.40034,-185.23847,-187.50566
dhdl_modified_10_lambda_4.xvg,0.21,4,0.0,88.129921,-615.00513,128401980.0,2035.0401,398.55652,99.402695,0.0,-42.76561,-63.981405,-75.455605,-81.997642,-85.835779,-88.102966
dhdl_modified_10_lambda_5.xvg,0.21,5,0.0,45.343933,-290.04968,128402030.0,2077.8057,441.32213,142.1683,42.76561,0.0,-21.215796,-32.689995,-39.232032,-43.070169,-45.337357
dhdl_modified_10_lambda_6.xvg,0.21,6,0.0,24.123308,-151.93999,128402050.0,2099.0215,462.53792,163.3841,63.981405,21.215796,0.0,-11.474199,-18.016236,-21.854374,-24.121561
dhdl_modified_10_lambda_7.xvg,0.21,7,0.0,12.64782,-84.962837,128402060.0,2110.4957,474.01212,174.8583,75.455605,32.689995,11.474199,0.0,-6.542037,-10.380174,-12.647362
dhdl_modified_10_lambda_8.xvg,0.21,8,0.0,6.1054273,-49.379642,128402070.0,2117.0377,480.55416,181.40034,81.997642,39.232032,18.016236,6.542037,0.0,-3.8381374,-6.1053247
dhdl_modified_10_lambda_9.xvg,0.21,9,0.0,2.2672012,-29.185625,128402070.0,2120.8759,484.3923,185.23847,85.835779,43.070169,21.854374,10.380174,3.8381374,0.0,-2.2671874
dhdl_modified_10_lambda_10.xvg,0.21,10,0.0,0.0,-17.149576,128402070.0,2123.1431,486.65948,187.50566,88.102966,45.337357,24.121561,12.647362,6.1053247,2.2671874,0.0
dhdl_modified_11_lambda_0.xvg,0.211,0,0.0,23580950000000.0,-121319180.0,0.0,-121317070.0,-121318700.0,-121319000.0,-121319100.0,-121319140.0,-121319160.0,-121319170.0,-121319180.0,-121319180.0,-121319180.0
dhdl_modified_11_lambda_1.xvg,0.211,1,0.0,2143.4587,-43039.004,121317070.0,0.0,-1630.4958,-1928.6996,-2027.8122,-2070.4604,-2091.6206,-2103.066,-2109.5921,-2113.4212,-2115.6831
dhdl_modified_11_lambda_2.xvg,0.211,2,0.0,486.26923,-5439.0566,121318700.0,1630.4958,0.0,-298.20381,-397.31638,-439.96457,-461.12484,-472.57018,-479.09631,-482.92537,-485.18732
dhdl_modified_11_lambda_3.xvg,0.211,3,0.0,187.11964,-1549.2948,121319000.0,1928.6996,298.20381,0.0,-99.112572,-141.76076,-162.92103,-174.36637,-180.89249,-184.72155,-186.98351
dhdl_modified_11_lambda_4.xvg,0.211,4,0.0,87.89782,-613.276,121319100.0,2027.8122,397.31638,99.112572,0.0,-42.648186,-63.80846,-75.2538,-81.779922,-85.608983,-87.870934
dhdl_modified_11_lambda_5.xvg,0.211,5,0.0,45.229305,-289.27563,121319140.0,2070.4604,439.96457,141.76076,42.648186,0.0,-21.160275,-32.605615,-39.131736,-42.960797,-45.222748
dhdl_modified_11_lambda_6.xvg,0.211,6,0.0,24.064217,-151.55142,121319160.0,2091.6206,461.12484,162.92103,63.80846,21.160275,0.0,-11.44534,-17.971462,-21.800523,-24.062473
dhdl_modified_11_lambda_7.xvg,0.211,7,0.0,12.617589,-84.753189,121319170.0,2103.066,472.57018,174.36637,75.2538,32.605615,11.44534,0.0,-6.5261216,-10.355182,-12.617133
dhdl_modified_11_lambda_8.xvg,0.211,8,0.0,6.091114,-49.261452,121319180.0,2109.5921,479.09631,180.89249,81.779922,39.131736,17.971462,6.5261216,0.0,-3.8290608,-6.0910115
dhdl_modified_11_lambda_9.xvg,0.211,9,0.0,2.2619643,-29.117542,121319180.0,2113.4212,482.92537,184.72155,85.608983,42.960797,21.800523,10.355182,3.8290608,0.0,-2.2619507
dhdl_modified_11_lambda_10.xvg,0.211,10,0.0,0.0,-17.110395,121319180.0,2115.6831,485.18732,186.98351,87.870934,45.222748,24.062473,12.617133,6.0910115,2.2619507,0.0
dhdl_modified_12_lambda_0.xvg,0.212,0,0.0,20865289000000.0,-114657920.0,0.0,-114655810.0,-114657440.0,-114657730.0,-114657830.0,-114657870.0,-114657900.0,-114657910.0,-114657910.0,-114657920.0,-114657920.0
dhdl_modified_12_lambda_1.xvg,0.212,1,0.0,2135.9131,-42870.906,114655810.0,0.0,-1624.5186,-1921.774,-2020.5969,-2063.1278,-2084.2326,-2095.6491,-2102.1594,-2105.9794,-2108.2361
dhdl_modified_12_lambda_2.xvg,0.212,2,0.0,484.79605,-5421.0405,114657440.0,1624.5186,0.0,-297.25537,-396.07822,-438.60915,-459.71398,-471.1305,-477.64072,-481.46072,-483.71744
dhdl_modified_12_lambda_3.xvg,0.212,3,0.0,186.59782,-1544.6288,114657730.0,1921.774,297.25537,0.0,-98.822853,-141.35378,-162.45861,-173.87512,-180.38535,-184.20535,-186.46207
dhdl_modified_12_lambda_4.xvg,0.212,4,0.0,87.666023,-611.54926,114657830.0,2020.5969,396.07822,98.822853,0.0,-42.530922,-63.635756,-75.052272,-81.562499,-85.382493,-87.639214
dhdl_modified_12_lambda_5.xvg,0.212,5,0.0,45.114834,-288.50262,114657870.0,2063.1278,438.60915,141.35378,42.530922,0.0,-21.104834,-32.52135,-39.031577,-42.851572,-45.108292
dhdl_modified_12_lambda_6.xvg,0.212,6,0.0,24.005198,-151.16336,114657900.0,2084.2326,459.71398,162.45861,63.635756,21.104834,0.0,-11.416516,-17.926744,-21.746738,-24.003458
dhdl_modified_12_lambda_7.xvg,0.212,7,0.0,12.587397,-84.543808,114657910.0,2095.6491,471.1305,173.87512,75.052272,32.52135,11.416516,0.0,-6.5102272,-10.330222,-12.586942
dhdl_modified_12_lambda_8.xvg,0.212,8,0.0,6.0768166,-49.143398,114657910.0,2102.1594,477.64072,180.38535,81.562499,39.031577,17.926744,6.5102272,0.0,-3.8199944,-6.0767145
dhdl_modified_12_lambda_9.xvg,0.212,9,0.0,2.2567337,-29.049538,114657920.0,2105.9794,481.46072,184.20535,85.382493,42.851572,21.746738,10.330222,3.8199944,0.0,-2.2567201
dhdl_modified_12_lambda_10.xvg,0.212,10,0.0,0.0,-17.071255,114657920.0,2108.2361,483.71744,186.46207,87.639214,45.108292,24.003458,12.586942,6.0767145,2.2567201,0.0
dhdl_modified_13_lambda_0.xvg,0.213,0,0.0,18472868000000.0,-108390840.0,0.0,-108388740.0,-108390360.0,-108390650.0,-108390750.0,-108390800.0,-108390820.0,-108390830.0,-108390830.0,-108390840.0,-108390840.0
dhdl_modified_13_lambda_1.xvg,0.213,1,0.0,2128.3813,-42703.137,108388740.0,0.0,-1618.5532,-1914.8616,-2013.3952,-2055.809,-2076.8585,-2088.2462,-2094.7405,-2098.5515,-2100.803
dhdl_modified_13_lambda_2.xvg,0.213,2,0.0,483.32513,-5403.0537,108390360.0,1618.5532,0.0,-296.30843,-394.84203,-437.25584,-458.3053,-469.69303,-476.18738,-479.99832,-482.24982
dhdl_modified_13_lambda_3.xvg,0.213,3,0.0,186.07677,-1539.9697,108390650.0,1914.8616,296.30843,0.0,-98.5336,-140.94742,-161.99688,-173.3846,-179.87896,-183.6899,-185.94139
dhdl_modified_13_lambda_4.xvg,0.213,4,0.0,87.434532,-609.82489,108390750.0,2013.3952,394.84203,98.5336,0.0,-42.413818,-63.463278,-74.851005,-81.345356,-85.156296,-87.407791
dhdl_modified_13_lambda_5.xvg,0.213,5,0.0,45.0005,-287.73062,108390800.0,2055.809,437.25584,140.94742,42.413818,0.0,-21.049459,-32.437186,-38.931538,-42.742478,-44.993973
dhdl_modified_13_lambda_6.xvg,0.213,6,0.0,23.946249,-150.77579,108390820.0,2076.8585,458.3053,161.99688,63.463278,21.049459,0.0,-11.387727,-17.882079,-21.693018,-23.944513
dhdl_modified_13_lambda_7.xvg,0.213,7,0.0,12.55724,-84.334679,108390830.0,2088.2462,469.69303,173.3846,74.851005,32.437186,11.387727,0.0,-6.4943519,-10.305291,-12.556787
dhdl_modified_13_lambda_8.xvg,0.213,8,0.0,6.0625367,-49.025482,108390830.0,2094.7405,476.18738,179.87896,81.345356,38.931538,17.882079,6.4943519,0.0,-3.8109396,-6.0624347
dhdl_modified_13_lambda_9.xvg,0.213,9,0.0,2.2515087,-28.981607,108390840.0,2098.5515,479.99832,183.6899,85.156296,42.742478,21.693018,10.305291,3.8109396,0.0,-2.2514951
dhdl_modified_13_lambda_10.xvg,0.213,10,0.0,0.0,-17.032162,108390840.0,2100.803,482.24982,185.94139,87.407791,44.993973,23.944513,12.556787,6.0624347,2.2514951,0.0
dhdl_modified_14_lambda_0.xvg,0.214,0,0.0,16364094000000.0,-102493280.0,0.0,-102491190.0,-102492800.0,-102493090.0,-102493190.0,-102493240.0,-102493260.0,-102493270.0,-102493270.0,-102493280.0,-102493280.0
dhdl_modified_14_lambda_1.xvg,0.214,1,0.0,2120.8628,-42535.699,102491190.0,0.0,-1612.5983,-1907.9614,-2006.2061,-2048.503,-2069.4972,-2080.8561,-2087.3346,-2091.1365,-2093.3828
dhdl_modified_14_lambda_2.xvg,0.214,2,0.0,481.85654,-5385.0996,102492800.0,1612.5983,0.0,-295.36308,-393.60783,-435.90471,-456.89887,-468.25785,-474.73634,-478.53824,-480.78452
dhdl_modified_14_lambda_3.xvg,0.214,3,0.0,185.55643,-1535.3176,102493090.0,1907.9614,295.36308,0.0,-98.244751,-140.54163,-161.53579,-172.89476,-179.37326,-183.17516,-185.42143
dhdl_modified_14_lambda_4.xvg,0.214,4,0.0,87.203354,-608.10309,102493190.0,2006.2061,393.60783,98.244751,0.0,-42.296875,-63.29104,-74.650014,-81.128509,-84.930405,-87.176682
dhdl_modified_14_lambda_5.xvg,0.214,5,0.0,44.886314,-286.95972,102493240.0,2048.503,435.90471,140.54163,42.296875,0.0,-20.994165,-32.353139,-38.831634,-42.63353,-44.879807
dhdl_modified_14_lambda_6.xvg,0.214,6,0.0,23.887371,-150.3887,102493260.0,2069.4972,456.89887,161.53579,63.29104,20.994165,0.0,-11.358974,-17.837469,-21.639364,-23.885641
dhdl_modified_14_lambda_7.xvg,0.214,7,0.0,12.527121,-84.125816,102493270.0,2080.8561,468.25785,172.89476,74.650014,32.353139,11.358974,0.0,-6.4784951,-10.280391,-12.526668
dhdl_modified_14_lambda_8.xvg,0.214,8,0.0,6.048274,-48.907722,102493270.0,2087.3346,474.73634,179.37326,81.128509,38.831634,17.837469,6.4784951,0.0,-3.8018959,-6.0481725
dhdl_modified_14_lambda_9.xvg,0.214,9,0.0,2.2462902,-28.913763,102493280.0,2091.1365,478.53824,183.17516,84.930405,42.63353,21.639364,10.280391,3.8018959,0.0,-2.2462766
dhdl_modified_14_lambda_10.xvg,0.214,10,0.0,0.0,-16.993114,102493280.0,2093.3828,480.78452,185.42143,87.176682,44.879807,23.885641,12.526668,6.0481725,2.2462766,0.0
dhdl_modified_15_lambda_0.xvg,0.215,0,0.0,14504161000000.0,-96941640.0,0.0,-96939554.0,-96941161.0,-96941455.0,-96941553.0,-96941595.0,-96941616.0,-96941628.0,-96941634.0,-96941638.0,-96941640.0
dhdl_modified_15_lambda_1.xvg,0.215,1,0.0,2113.3574,-42368.578,96939554.0,0.0,-1606.6542,-1901.0734,-1999.0297,-2041.2098,-2062.1487,-2073.479,-2079.9417,-2083.7345,-2085.9756
dhdl_modified_15_lambda_2.xvg,0.215,2,0.0,480.39008,-5367.1729,96941161.0,1606.6542,0.0,-294.41916,-392.37548,-434.55558,-455.49451,-466.82477,-473.28742,-477.08029,-479.32135
dhdl_modified_15_lambda_3.xvg,0.215,3,0.0,185.0368,-1530.6727,96941455.0,1901.0734,294.41916,0.0,-97.956322,-140.13642,-161.07535,-172.40561,-178.86827,-182.66113,-184.90219
dhdl_modified_15_lambda_4.xvg,0.215,4,0.0,86.972473,-606.38361,96941553.0,1999.0297,392.37548,97.956322,0.0,-42.180099,-63.119026,-74.449286,-80.911944,-84.704806,-86.945869
dhdl_modified_15_lambda_5.xvg,0.215,5,0.0,44.772263,-286.18976,96941595.0,2041.2098,434.55558,140.13642,42.180099,0.0,-20.938927,-32.269186,-38.731844,-42.524706,-44.76577
dhdl_modified_15_lambda_6.xvg,0.215,6,0.0,23.828569,-150.00214,96941616.0,2062.1487,455.49451,161.07535,63.119026,20.938927,0.0,-11.330259,-17.792918,-21.585779,-23.826843
dhdl_modified_15_lambda_7.xvg,0.215,7,0.0,12.497036,-83.917198,96941628.0,2073.479,466.82477,172.40561,74.449286,32.269186,11.330259,0.0,-6.4626584,-10.25552,-12.496584
dhdl_modified_15_lambda_8.xvg,0.215,8,0.0,6.0340271,-48.790092,96941634.0,2079.9417,473.28742,178.86827,80.911944,38.731844,17.792918,6.4626584,0.0,-3.7928617,-6.0339255
dhdl_modified_15_lambda_9.xvg,0.215,9,0.0,2.2410774,-28.845993,96941638.0,2083.7345,477.08029,182.66113,84.704806,42.524706,21.585779,10.25552,3.7928617,0.0,-2.2410638
dhdl_modified_15_lambda_10.xvg,0.215,10,0.0,0.0,-16.954107,96941640.0,2085.9756,479.32135,184.90219,86.945869,44.76577,23.826843,12.496584,6.0339255,2.2410638,0.0
dhdl_modified_16_lambda_0.xvg,0.216,0,0.0,12862813000000.0,-91714352.0,0.0,-91712273.0,-91713874.0,-91714168.0,-91714265.0,-91714307.0,-91714328.0,-91714340.0,-91714346.0,-91714350.0,-91714352.0
dhdl_modified_16_lambda_1.xvg,0.216,1,0.0,2105.8665,-42201.805,91712273.0,0.0,-1600.7221,-1894.1988,-1991.8671,-2033.9306,-2054.8144,-2066.116,-2072.5628,-2076.3467,-2078.5825
dhdl_modified_16_lambda_2.xvg,0.216,2,0.0,478.9259,-5349.2778,91713874.0,1600.7221,0.0,-293.47676,-391.14507,-433.20855,-454.09233,-465.39391,-471.84075,-475.62459,-477.86044
dhdl_modified_16_lambda_3.xvg,0.216,3,0.0,184.51791,-1526.0349,91714168.0,1894.1988,293.47676,0.0,-97.668304,-139.73179,-160.61556,-171.91715,-178.36399,-182.14783,-184.38368
dhdl_modified_16_lambda_4.xvg,0.216,4,0.0,86.741905,-604.66669,91714265.0,1991.8671,391.14507,97.668304,0.0,-42.063484,-62.94726,-74.248841,-80.695682,-84.479521,-86.715378
dhdl_modified_16_lambda_5.xvg,0.216,5,0.0,44.658371,-285.42093,91714307.0,2033.9306,433.20855,139.73179,42.063484,0.0,-20.883776,-32.185357,-38.632197,-42.416036,-44.651894
dhdl_modified_16_lambda_6.xvg,0.216,6,0.0,23.76984,-149.61606,91714328.0,2054.8144,454.09233,160.61556,62.94726,20.883776,0.0,-11.301581,-17.748422,-21.532261,-23.768118
dhdl_modified_16_lambda_7.xvg,0.216,7,0.0,12.466988,-83.708847,91714340.0,2066.116,465.39391,171.91715,74.248841,32.185357,11.301581,0.0,-6.4468403,-10.230679,-12.466537
dhdl_modified_16_lambda_8.xvg,0.216,8,0.0,6.0197973,-48.672607,91714346.0,2072.5628,471.84075,178.36399,80.695682,38.632197,17.748422,6.4468403,0.0,-3.783839,-6.0196962
dhdl_modified_16_lambda_9.xvg,0.216,9,0.0,2.2358708,-28.778305,91714350.0,2076.3467,475.62459,182.14783,84.479521,42.416036,21.532261,10.230679,3.783839,0.0,-2.2358572
dhdl_modified_16_lambda_10.xvg,0.216,10,0.0,0.0,-16.91515,91714352.0,2078.5825,477.86044,184.38368,86.715378,44.651894,23.768118,12.466537,6.0196962,2.2358572,0.0
dhdl_modified_17_lambda_0.xvg,0.217,0,0.0,11413573000000.0,-86791256.0,0.0,-86789185.0,-86790780.0,-86791072.0,-86791170.0,-86791211.0,-86791232.0,-86791244.0,-86791250.0,-86791254.0,-86791256.0
dhdl_modified_17_lambda_1.xvg,0.217,1,0.0,2098.3877,-42035.352,86789185.0,0.0,-1594.7999,-1887.3358,-1984.7165,-2026.6635,-2047.4922,-2058.7651,-2065.1962,-2068.971,-2071.2017
dhdl_modified_17_lambda_2.xvg,0.217,2,0.0,477.46393,-5331.4102,86790780.0,1594.7999,0.0,-292.53586,-389.91658,-431.86361,-452.6923,-463.96524,-470.39628,-474.17111,-476.40176
dhdl_modified_17_lambda_3.xvg,0.217,3,0.0,183.99976,-1521.4038,86791072.0,1887.3358,292.53586,0.0,-97.380722,-139.32775,-160.15644,-171.42938,-177.86042,-181.63525,-183.86591
dhdl_modified_17_lambda_4.xvg,0.217,4,0.0,86.511642,-602.95209,86791170.0,1984.7165,389.91658,97.380722,0.0,-41.947029,-62.775721,-74.048658,-80.4797,-84.254527,-86.485184
dhdl_modified_17_lambda_5.xvg,0.217,5,0.0,44.544613,-284.65308,86791211.0,2026.6635,431.86361,139.32775,41.947029,0.0,-20.828691,-32.101629,-38.532671,-42.307498,-44.538155
dhdl_modified_17_lambda_6.xvg,0.217,6,0.0,23.711182,-149.23048,86791232.0,2047.4922,452.6923,160.15644,62.775721,20.828691,0.0,-11.272938,-17.703979,-21.478806,-23.709463
dhdl_modified_17_lambda_7.xvg,0.217,7,0.0,12.436975,-83.500755,86791244.0,2058.7651,463.96524,171.42938,74.048658,32.101629,11.272938,0.0,-6.4310417,-10.205869,-12.436525
dhdl_modified_17_lambda_8.xvg,0.217,8,0.0,6.0055847,-48.55526,86791250.0,2065.1962,470.39628,177.86042,80.4797,38.532671,17.703979,6.4310417,0.0,-3.774827,-6.0054836
dhdl_modified_17_lambda_9.xvg,0.217,9,0.0,2.2306702,-28.710695,86791254.0,2068.971,474.17111,181.63525,84.254527,42.307498,21.478806,10.205869,3.774827,0.0,-2.2306566
dhdl_modified_17_lambda_10.xvg,0.217,10,0.0,0.0,-16.876232,86791256.0,2071.2017,476.40176,183.86591,86.485184,44.538155,23.709463,12.436525,6.0054836,2.2306566,0.0
dhdl_modified_18_lambda_0.xvg,0.218,0,0.0,10133050000000.0,-82152792.0,0.0,-82150728.0,-82152317.0,-82152609.0,-82152706.0,-82152748.0,-82152768.0,-82152780.0,-82152786.0,-82152790.0,-82152792.0
dhdl_modified_18_lambda_1.xvg,0.218,1,0.0,2090.9233,-41869.227,82150728.0,0.0,-1588.8896,-1880.4861,-1977.5797,-2019.4104,-2040.1841,-2051.4284,-2057.8437,-2061.6095,-2063.835
dhdl_modified_18_lambda_2.xvg,0.218,2,0.0,476.0043,-5313.5747,82152317.0,1588.8896,0.0,-291.59653,-388.6901,-430.52084,-451.29452,-462.53886,-468.95412,-472.71994,-474.9454
dhdl_modified_18_lambda_3.xvg,0.218,3,0.0,183.48235,-1516.7803,82152609.0,1880.4861,291.59653,0.0,-97.093575,-138.92431,-159.69799,-170.94233,-177.35759,-181.12342,-183.34888
dhdl_modified_18_lambda_4.xvg,0.218,4,0.0,86.281693,-601.24005,82152706.0,1977.5797,388.6901,97.093575,0.0,-41.830734,-62.60442,-73.848754,-80.264015,-84.029841,-86.255302
dhdl_modified_18_lambda_5.xvg,0.218,5,0.0,44.431011,-283.88629,82152748.0,2019.4104,430.52084,138.92431,41.830734,0.0,-20.773685,-32.01802,-38.43328,-42.199106,-44.424568
dhdl_modified_18_lambda_6.xvg,0.218,6,0.0,23.652597,-148.8454,82152768.0,2040.1841,451.29452,159.69799,62.60442,20.773685,0.0,-11.244334,-17.659595,-21.425421,-23.650883
dhdl_modified_18_lambda_7.xvg,0.218,7,0.0,12.406998,-83.292923,82152780.0,2051.4284,462.53886,170.94233,73.848754,32.01802,11.244334,0.0,-6.4152608,-10.181087,-12.406549
dhdl_modified_18_lambda_8.xvg,0.218,8,0.0,5.9913883,-48.438057,82152786.0,2057.8437,468.95412,177.35759,80.264015,38.43328,17.659595,6.4152608,0.0,-3.765826,-5.9912877
dhdl_modified_18_lambda_9.xvg,0.218,9,0.0,2.2254753,-28.643162,82152790.0,2061.6095,472.71994,181.12342,84.029841,42.199106,21.425421,10.181087,3.765826,0.0,-2.2254617
dhdl_modified_18_lambda_10.xvg,0.218,10,0.0,0.0,-16.83736,82152792.0,2063.835,474.9454,183.34888,86.255302,44.424568,23.650883,12.406549,5.9912877,2.2254617,0.0
dhdl_modified_19_lambda_0.xvg,0.219,0,0.0,9001129500000.0,-77781888.0,0.0,-77779832.0,-77781415.0,-77781705.0,-77781802.0,-77781844.0,-77781864.0,-77781876.0,-77781882.0,-77781886.0,-77781888.0
dhdl_modified_19_lambda_1.xvg,0.219,1,0.0,2083.4719,-41703.438,77779832.0,0.0,-1582.9897,-1873.6484,-1970.4552,-2012.1698,-2032.8886,-2044.1043,-2050.5038,-2054.2607,-2056.481
dhdl_modified_19_lambda_2.xvg,0.219,2,0.0,474.54694,-5295.7695,77781415.0,1582.9897,0.0,-290.65874,-387.46557,-429.18018,-449.89893,-461.11469,-467.51419,-471.27103,-473.4913
dhdl_modified_19_lambda_3.xvg,0.219,3,0.0,182.96567,-1512.1636,77781705.0,1873.6484,290.65874,0.0,-96.806831,-138.52144,-159.24019,-170.45595,-176.85546,-180.61229,-182.83257
dhdl_modified_19_lambda_4.xvg,0.219,4,0.0,86.052048,-599.53033,77781802.0,1970.4552,387.46557,96.806831,0.0,-41.714607,-62.433359,-73.649123,-80.048625,-83.805461,-86.025734
dhdl_modified_19_lambda_5.xvg,0.219,5,0.0,44.317554,-283.12054,77781844.0,2012.1698,429.18018,138.52144,41.714607,0.0,-20.718752,-31.934516,-38.334018,-42.090853,-44.311127
dhdl_modified_19_lambda_6.xvg,0.219,6,0.0,23.594084,-148.46083,77781864.0,2032.8886,449.89893,159.24019,62.433359,20.718752,0.0,-11.215764,-17.615266,-21.372102,-23.592375
dhdl_modified_19_lambda_7.xvg,0.219,7,0.0,12.377058,-83.085358,77781876.0,2044.1043,461.11469,170.45595,73.649123,31.934516,11.215764,0.0,-6.3995023,-10.156337,-12.376611
dhdl_modified_19_lambda_8.xvg,0.219,8,0.0,5.9772091,-48.320999,77781882.0,2050.5038,467.51419,176.85546,80.048625,38.334018,17.615266,6.3995023,0.0,-3.7568352,-5.9771085
dhdl_modified_19_lambda_9.xvg,0.219,9,0.0,2.2202866,-28.575712,77781886.0,2054.2607,471.27103,180.61229,83.805461,42.090853,21.372102,10.156337,3.7568352,0.0,-2.2202733
dhdl_modified_19_lambda_10.xvg,0.219,10,0.0,0.0,-16.798532,77781888.0,2056.481,473.4913,182.83257,86.025734,44.311127,23.592375,12.376611,5.9771085,2.2202733,0.0
dhdl_modified_20_lambda_0.xvg,0.22,0,0.0,7999923400000.0,-73661688.0,0.0,-73659639.0,-73661216.0,-73661506.0,-73661602.0,-73661644.0,-73661664.0,-73661676.0,-73661682.0,-73661686.0,-73661688.0
dhdl_modified_20_lambda_1.xvg,0.22,1,0.0,2076.0339,-41537.973,73659639.0,0.0,-1577.101,-1866.8234,-1963.3439,-2004.9426,-2025.6064,-2036.7937,-2043.1774,-2046.9253,-2049.1404
dhdl_modified_20_lambda_2.xvg,0.22,2,0.0,473.09174,-5277.9932,73661216.0,1577.101,0.0,-289.72235,-386.2429,-427.84155,-448.50543,-459.69266,-466.07642,-469.82428,-472.03937
dhdl_modified_20_lambda_3.xvg,0.22,3,0.0,182.44974,-1507.5537,73661506.0,1866.8234,289.72235,0.0,-96.520554,-138.11919,-158.78308,-169.97031,-176.35407,-180.10193,-182.31702
dhdl_modified_20_lambda_4.xvg,0.22,4,0.0,85.822708,-597.82306,73661602.0,1963.3439,386.2429,96.520554,0.0,-41.59864,-62.262526,-73.449756,-79.833518,-83.581372,-85.796463
dhdl_modified_20_lambda_5.xvg,0.22,5,0.0,44.204231,-282.35583,73661644.0,2004.9426,427.84155,138.11919,41.59864,0.0,-20.663885,-31.851115,-38.234878,-41.982732,-44.197823
dhdl_modified_20_lambda_6.xvg,0.22,6,0.0,23.535643,-148.07674,73661664.0,2025.6064,448.50543,158.78308,62.262526,20.663885,0.0,-11.18723,-17.570992,-21.318847,-23.533937
dhdl_modified_20_lambda_7.xvg,0.22,7,0.0,12.347154,-82.878036,73661676.0,2036.7937,459.69266,169.97031,73.449756,31.851115,11.18723,0.0,-6.3837624,-10.131617,-12.346707
