XVG Filename,Distance (nm),Lambda State,Time (ps),Total Energy (kJ/mol),dH/dλ vdw-lambda = 0.0000,ΔH λ to 0.0000,ΔH λ to 0.1000,ΔH λ to 0.2000,ΔH λ to 0.3000,ΔH λ to 0.4000,ΔH λ to 0.5000,ΔH λ to 0.6000,ΔH λ to 0.7000,ΔH λ to 0.8000,ΔH λ to 0.9000,ΔH λ to 1.0000
dhdl_modified_0_lambda_0.xvg,0.2,0,0.0,94233940000000.0,-3487267000000.0,0.0,-229941820.0,-229942090.0,-229942130.0,-229942140.0,-229942150.0,-229942140.0,-229942140.0,-229942140.0,-229942140.0,-229942140.0
dhdl_modified_0_lambda_1.xvg,0.2,1,0.0,326.52701,-7354.8638,229941820.0,0.0,-267.55936,-311.4235,-324.23498,-328.6132,-326.52664,-326.52664,-326.52664,-326.52664,-326.52664
dhdl_modified_0_lambda_2.xvg,0.2,2,0.0,58.967289,-832.18134,229942090.0,267.55936,0.0,-43.864144,-56.675623,-61.053846,-58.967285,-58.967285,-58.967285,-58.967285,-58.967285
dhdl_modified_0_lambda_3.xvg,0.2,3,0.0,15.103141,-213.16814,229942130.0,311.4235,43.864144,0.0,-12.811478,-17.189702,-15.103141,-15.103141,-15.103141,-15.103141,-15.103141
dhdl_modified_0_lambda_4.xvg,0.2,4,0.0,2.2916625,-71.250267,229942140.0,324.23498,56.675623,12.811478,0.0,-4.3782237,-2.2916625,-2.2916625,-2.2916625,-2.2916625,-2.2916625
dhdl_modified_0_lambda_5.xvg,0.2,5,0.0,-2.0865612,-23.803675,229942150.0,328.6132,61.053846,17.189702,4.3782237,0.0,2.0865612,2.0865612,2.0865612,2.0865612,2.0865612
dhdl_modified_0_lambda_6.xvg,0.2,6,0.0,0.0,0.0,229942140.0,326.52664,58.967285,15.103141,2.2916625,-2.0865612,0.0,0.0,0.0,0.0,0.0
dhdl_modified_0_lambda_7.xvg,0.2,7,0.0,0.0,0.0,229942140.0,326.52664,58.967285,15.103141,2.2916625,-2.0865612,0.0,0.0,0.0,0.0,0.0
dhdl_modified_0_lambda_8.xvg,0.2,8,0.0,0.0,0.0,229942140.0,326.52664,58.967285,15.103141,2.2916625,-2.0865612,0.0,0.0,0.0,0.0,0.0
dhdl_modified_0_lambda_9.xvg,0.2,9,0.0,0.0,0.0,229942140.0,326.52664,58.967285,15.103141,2.2916625,-2.0865612,0.0,0.0,0.0,0.0,0.0
dhdl_modified_0_lambda_10.xvg,0.2,10,0.0,0.0,0.0,229942140.0,326.52664,58.967285,15.103141,2.2916625,-2.0865612,0.0,0.0,0.0,0.0,0.0
dhdl_modified_1_lambda_0.xvg,0.201,0,0.0,82826515000000.0,-3189265100000.0,0.0,-216647530.0,-216647800.0,-216647840.0,-216647850.0,-216647860.0,-216647860.0,-216647860.0,-216647860.0,-216647860.0,-216647860.0
dhdl_modified_1_lambda_1.xvg,0.201,1,0.0,326.49918,-7353.9902,216647530.0,0.0,-267.53451,-311.3964,-324.20739,-328.58545,-326.49878,-326.49878,-326.49878,-326.49878,-326.49878
dhdl_modified_1_lambda_2.xvg,0.201,2,0.0,58.964275,-832.13159,216647800.0,267.53451,0.0,-43.861894,-56.672879,-61.050944,-58.964272,-58.964272,-58.964272,-58.964272,-58.964272
dhdl_modified_1_lambda_3.xvg,0.201,3,0.0,15.102378,-213.15918,216647840.0,311.3964,43.861894,0.0,-12.810986,-17.18905,-15.102378,-15.102378,-15.102378,-15.102378,-15.102378
dhdl_modified_1_lambda_4.xvg,0.201,4,0.0,2.2913923,-71.247719,216647850.0,324.20739,56.672879,12.810986,0.0,-4.3780649,-2.2913923,-2.2913923,-2.2913923,-2.2913923,-2.2913923
dhdl_modified_1_lambda_5.xvg,0.201,5,0.0,-2.0866725,-23.80275,216647860.0,328.58545,61.050944,17.18905,4.3780649,0.0,2.0866725,2.0866725,2.0866725,2.0866725,2.0866725
dhdl_modified_1_lambda_6.xvg,0.201,6,0.0,0.0,0.0,216647860.0,326.49878,58.964272,15.102378,2.2913923,-2.0866725,0.0,0.0,0.0,0.0,0.0
dhdl_modified_1_lambda_7.xvg,0.201,7,0.0,0.0,0.0,216647860.0,326.49878,58.964272,15.102378,2.2913923,-2.0866725,0.0,0.0,0.0,0.0,0.0
dhdl_modified_1_lambda_8.xvg,0.201,8,0.0,0.0,0.0,216647860.0,326.49878,58.964272,15.102378,2.2913923,-2.0866725,0.0,0.0,0.0,0.0,0.0
dhdl_modified_1_lambda_9.xvg,0.201,9,0.0,0.0,0.0,216647860.0,326.49878,58.964272,15.102378,2.2913923,-2.0866725,0.0,0.0,0.0,0.0,0.0
dhdl_modified_1_lambda_10.xvg,0.201,10,0.0,0.0,0.0,216647860.0,326.49878,58.964272,15.102378,2.2913923,-2.0866725,0.0,0.0,0.0,0.0,0.0
dhdl_modified_2_lambda_0.xvg,0.202,0,0.0,72845992000000.0,-2918005100000.0,0.0,-204181350.0,-204181620.0,-204181660.0,-204181680.0,-204181680.0,-204181680.0,-204181680.0,-204181680.0,-204181680.0,-204181680.0
dhdl_modified_2_lambda_1.xvg,0.202,1,0.0,326.47064,-7353.0952,204181350.0,0.0,-267.50907,-311.36862,-324.1791,-328.557,-326.47021,-326.47021,-326.47021,-326.47021,-326.47021
dhdl_modified_2_lambda_2.xvg,0.202,2,0.0,58.961151,-832.08014,204181620.0,267.50907,0.0,-43.859553,-56.67003,-61.047933,-58.961147,-58.961147,-58.961147,-58.961147,-58.961147
dhdl_modified_2_lambda_3.xvg,0.202,3,0.0,15.101594,-213.15001,204181660.0,311.36862,43.859553,0.0,-12.810477,-17.18838,-15.101594,-15.101594,-15.101594,-15.101594,-15.101594
dhdl_modified_2_lambda_4.xvg,0.202,4,0.0,2.2911174,-71.245125,204181680.0,324.1791,56.67003,12.810477,0.0,-4.3779035,-2.2911174,-2.2911174,-2.2911174,-2.2911174,-2.2911174
dhdl_modified_2_lambda_5.xvg,0.202,5,0.0,-2.086786,-23.801811,204181680.0,328.557,61.047933,17.18838,4.3779035,0.0,2.086786,2.086786,2.086786,2.086786,2.086786
dhdl_modified_2_lambda_6.xvg,0.202,6,0.0,0.0,0.0,204181680.0,326.47021,58.961147,15.101594,2.2911174,-2.086786,0.0,0.0,0.0,0.0,0.0
dhdl_modified_2_lambda_7.xvg,0.202,7,0.0,0.0,0.0,204181680.0,326.47021,58.961147,15.101594,2.2911174,-2.086786,0.0,0.0,0.0,0.0,0.0
dhdl_modified_2_lambda_8.xvg,0.202,8,0.0,0.0,0.0,204181680.0,326.47021,58.961147,15.101594,2.2911174,-2.086786,0.0,0.0,0.0,0.0,0.0
dhdl_modified_2_lambda_9.xvg,0.202,9,0.0,0.0,0.0,204181680.0,326.47021,58.961147,15.101594,2.2911174,-2.086786,0.0,0.0,0.0,0.0,0.0
dhdl_modified_2_lambda_10.xvg,0.202,10,0.0,0.0,0.0,204181680.0,326.47021,58.961147,15.101594,2.2911174,-2.086786,0.0,0.0,0.0,0.0,0.0
dhdl_modified_3_lambda_0.xvg,0.203,0,0.0,64108901000000.0,-2670992800000.0,0.0,-192489020.0,-192489290.0,-192489330.0,-192489340.0,-192489350.0,-192489340.0,-192489340.0,-192489340.0,-192489340.0,-192489340.0
dhdl_modified_3_lambda_1.xvg,0.203,1,0.0,326.44138,-7352.1777,192489020.0,0.0,-267.48295,-311.34016,-324.15012,-328.52785,-326.44095,-326.44095,-326.44095,-326.44095,-326.44095
dhdl_modified_3_lambda_2.xvg,0.203,2,0.0,58.958,-832.02808,192489290.0,267.48295,0.0,-43.857209,-56.667163,-61.044899,-58.957996,-58.957996,-58.957996,-58.957996,-58.957996
dhdl_modified_3_lambda_3.xvg,0.203,3,0.0,15.100787,-213.14059,192489330.0,311.34016,43.857209,0.0,-12.809954,-17.18769,-15.100787,-15.100787,-15.100787,-15.100787,-15.100787
dhdl_modified_3_lambda_4.xvg,0.203,4,0.0,2.2908332,-71.242447,192489340.0,324.15012,56.667163,12.809954,0.0,-4.3777361,-2.2908332,-2.2908332,-2.2908332,-2.2908332,-2.2908332
dhdl_modified_3_lambda_5.xvg,0.203,5,0.0,-2.0869029,-23.800842,192489350.0,328.52785,61.044899,17.18769,4.3777361,0.0,2.0869029,2.0869029,2.0869029,2.0869029,2.0869029
dhdl_modified_3_lambda_6.xvg,0.203,6,0.0,0.0,0.0,192489340.0,326.44095,58.957996,15.100787,2.2908332,-2.0869029,0.0,0.0,0.0,0.0,0.0
dhdl_modified_3_lambda_7.xvg,0.203,7,0.0,0.0,0.0,192489340.0,326.44095,58.957996,15.100787,2.2908332,-2.0869029,0.0,0.0,0.0,0.0,0.0
dhdl_modified_3_lambda_8.xvg,0.203,8,0.0,0.0,0.0,192489340.0,326.44095,58.957996,15.100787,2.2908332,-2.0869029,0.0,0.0,0.0,0.0,0.0
dhdl_modified_3_lambda_9.xvg,0.203,9,0.0,0.0,0.0,192489340.0,326.44095,58.957996,15.100787,2.2908332,-2.0869029,0.0,0.0,0.0,0.0,0.0
dhdl_modified_3_lambda_10.xvg,0.203,10,0.0,0.0,0.0,192489340.0,326.44095,58.957996,15.100787,2.2908332,-2.0869029,0.0,0.0,0.0,0.0,0.0
dhdl_modified_4_lambda_0.xvg,0.204,0,0.0,56454799000000.0,-2445943000000.0,0.0,-181518300.0,-181518570.0,-181518610.0,-181518620.0,-181518630.0,-181518620.0,-181518620.0,-181518620.0,-181518620.0,-181518620.0
dhdl_modified_4_lambda_1.xvg,0.204,1,0.0,326.41147,-7351.2397,181518300.0,0.0,-267.45627,-311.31104,-324.12047,-328.49803,-326.41101,-326.41101,-326.41101,-326.41101,-326.41101
dhdl_modified_4_lambda_2.xvg,0.204,2,0.0,58.954742,-831.9743,181518570.0,267.45627,0.0,-43.854769,-56.664195,-61.041762,-58.954739,-58.954739,-58.954739,-58.954739,-58.954739
dhdl_modified_4_lambda_3.xvg,0.204,3,0.0,15.09997,-213.13101,181518610.0,311.31104,43.854769,0.0,-12.809426,-17.186993,-15.09997,-15.09997,-15.09997,-15.09997,-15.09997
dhdl_modified_4_lambda_4.xvg,0.204,4,0.0,2.2905436,-71.239708,181518620.0,324.12047,56.664195,12.809426,0.0,-4.3775666,-2.2905436,-2.2905436,-2.2905436,-2.2905436,-2.2905436
dhdl_modified_4_lambda_5.xvg,0.204,5,0.0,-2.087023,-23.79985,181518630.0,328.49803,61.041762,17.186993,4.3775666,0.0,2.087023,2.087023,2.087023,2.087023,2.087023
dhdl_modified_4_lambda_6.xvg,0.204,6,0.0,0.0,0.0,181518620.0,326.41101,58.954739,15.09997,2.2905436,-2.087023,0.0,0.0,0.0,0.0,0.0
dhdl_modified_4_lambda_7.xvg,0.204,7,0.0,0.0,0.0,181518620.0,326.41101,58.954739,15.09997,2.2905436,-2.087023,0.0,0.0,0.0,0.0,0.0
dhdl_modified_4_lambda_8.xvg,0.204,8,0.0,0.0,0.0,181518620.0,326.41101,58.954739,15.09997,2.2905436,-2.087023,0.0,0.0,0.0,0.0,0.0
dhdl_modified_4_lambda_9.xvg,0.204,9,0.0,0.0,0.0,181518620.0,326.41101,58.954739,15.09997,2.2905436,-2.087023,0.0,0.0,0.0,0.0,0.0
dhdl_modified_4_lambda_10.xvg,0.204,10,0.0,0.0,0.0,181518620.0,326.41101,58.954739,15.09997,2.2905436,-2.087023,0.0,0.0,0.0,0.0,0.0
dhdl_modified_5_lambda_0.xvg,0.205,0,0.0,49745398000000.0,-2240817700000.0,0.0,-171221850.0,-171222120.0,-171222160.0,-171222170.0,-171222180.0,-171222180.0,-171222180.0,-171222180.0,-171222180.0,-171222180.0
dhdl_modified_5_lambda_1.xvg,0.205,1,0.0,326.38065,-7350.2749,171221850.0,0.0,-267.42876,-311.28103,-324.08991,-328.4673,-326.38016,-326.38016,-326.38016,-326.38016,-326.38016
dhdl_modified_5_lambda_2.xvg,0.205,2,0.0,58.951401,-831.91913,171222120.0,267.42876,0.0,-43.852269,-56.661147,-61.038543,-58.951397,-58.951397,-58.951397,-58.951397,-58.951397
dhdl_modified_5_lambda_3.xvg,0.205,3,0.0,15.099128,-213.12119,171222160.0,311.28103,43.852269,0.0,-12.808878,-17.186274,-15.099128,-15.099128,-15.099128,-15.099128,-15.099128
dhdl_modified_5_lambda_4.xvg,0.205,4,0.0,2.2902496,-71.236931,171222170.0,324.08991,56.661147,12.808878,0.0,-4.3773961,-2.2902496,-2.2902496,-2.2902496,-2.2902496,-2.2902496
dhdl_modified_5_lambda_5.xvg,0.205,5,0.0,-2.0871465,-23.798826,171222180.0,328.4673,61.038543,17.186274,4.3773961,0.0,2.0871465,2.0871465,2.0871465,2.0871465,2.0871465
dhdl_modified_5_lambda_6.xvg,0.205,6,0.0,0.0,0.0,171222180.0,326.38016,58.951397,15.099128,2.2902496,-2.0871465,0.0,0.0,0.0,0.0,0.0
dhdl_modified_5_lambda_7.xvg,0.205,7,0.0,0.0,0.0,171222180.0,326.38016,58.951397,15.099128,2.2902496,-2.0871465,0.0,0.0,0.0,0.0,0.0
dhdl_modified_5_lambda_8.xvg,0.205,8,0.0,0.0,0.0,171222180.0,326.38016,58.951397,15.099128,2.2902496,-2.0871465,0.0,0.0,0.0,0.0,0.0
dhdl_modified_5_lambda_9.xvg,0.205,9,0.0,0.0,0.0,171222180.0,326.38016,58.951397,15.099128,2.2902496,-2.0871465,0.0,0.0,0.0,0.0,0.0
dhdl_modified_5_lambda_10.xvg,0.205,10,0.0,0.0,0.0,171222180.0,326.38016,58.951397,15.099128,2.2902496,-2.0871465,0.0,0.0,0.0,0.0,0.0
dhdl_modified_6_lambda_0.xvg,0.206,0,0.0,43860139000000.0,-2053762100000.0,0.0,-161554950.0,-161555220.0,-161555260.0,-161555280.0,-161555280.0,-161555280.0,-161555280.0,-161555280.0,-161555280.0,-161555280.0
dhdl_modified_6_lambda_1.xvg,0.206,1,0.0,326.34921,-7349.2891,161554950.0,0.0,-267.40071,-311.25043,-324.05875,-328.43597,-326.34869,-326.34869,-326.34869,-326.34869,-326.34869
dhdl_modified_6_lambda_2.xvg,0.206,2,0.0,58.947994,-831.86292,161555220.0,267.40071,0.0,-43.849726,-56.658043,-61.03526,-58.947987,-58.947987,-58.947987,-58.947987,-58.947987
dhdl_modified_6_lambda_3.xvg,0.206,3,0.0,15.098261,-213.11104,161555260.0,311.25043,43.849726,0.0,-12.808318,-17.185534,-15.098261,-15.098261,-15.098261,-15.098261,-15.098261
dhdl_modified_6_lambda_4.xvg,0.206,4,0.0,2.2899432,-71.234047,161555280.0,324.05875,56.658043,12.808318,0.0,-4.3772166,-2.2899432,-2.2899432,-2.2899432,-2.2899432,-2.2899432
dhdl_modified_6_lambda_5.xvg,0.206,5,0.0,-2.0872734,-23.797773,161555280.0,328.43597,61.03526,17.185534,4.3772166,0.0,2.0872734,2.0872734,2.0872734,2.0872734,2.0872734
dhdl_modified_6_lambda_6.xvg,0.206,6,0.0,0.0,0.0,161555280.0,326.34869,58.947987,15.098261,2.2899432,-2.0872734,0.0,0.0,0.0,0.0,0.0
dhdl_modified_6_lambda_7.xvg,0.206,7,0.0,0.0,0.0,161555280.0,326.34869,58.947987,15.098261,2.2899432,-2.0872734,0.0,0.0,0.0,0.0,0.0
dhdl_modified_6_lambda_8.xvg,0.206,8,0.0,0.0,0.0,161555280.0,326.34869,58.947987,15.098261,2.2899432,-2.0872734,0.0,0.0,0.0,0.0,0.0
dhdl_modified_6_lambda_9.xvg,0.206,9,0.0,0.0,0.0,161555280.0,326.34869,58.947987,15.098261,2.2899432,-2.0872734,0.0,0.0,0.0,0.0,0.0
dhdl_modified_6_lambda_10.xvg,0.206,10,0.0,0.0,0.0,161555280.0,326.34869,58.947987,15.098261,2.2899432,-2.0872734,0.0,0.0,0.0,0.0,0.0
dhdl_modified_7_lambda_0.xvg,0.207,0,0.0,38694740000000.0,-1883116900000.0,0.0,-152476760.0,-152477030.0,-152477070.0,-152477090.0,-152477090.0,-152477090.0,-152477090.0,-152477090.0,-152477090.0,-152477090.0
dhdl_modified_7_lambda_1.xvg,0.207,1,0.0,326.31699,-7348.2793,152476760.0,0.0,-267.37198,-311.21909,-324.02684,-328.40387,-326.31647,-326.31647,-326.31647,-326.31647,-326.31647
dhdl_modified_7_lambda_2.xvg,0.207,2,0.0,58.944492,-831.80511,152477030.0,267.37198,0.0,-43.847109,-56.654853,-61.031886,-58.944485,-58.944485,-58.944485,-58.944485,-58.944485
dhdl_modified_7_lambda_3.xvg,0.207,3,0.0,15.097376,-213.10068,152477070.0,311.21909,43.847109,0.0,-12.807744,-17.184777,-15.097376,-15.097376,-15.097376,-15.097376,-15.097376
dhdl_modified_7_lambda_4.xvg,0.207,4,0.0,2.2896316,-71.231102,152477090.0,324.02684,56.654853,12.807744,0.0,-4.3770332,-2.2896316,-2.2896316,-2.2896316,-2.2896316,-2.2896316
dhdl_modified_7_lambda_5.xvg,0.207,5,0.0,-2.0874016,-23.796709,152477090.0,328.40387,61.031886,17.184777,4.3770332,0.0,2.0874016,2.0874016,2.0874016,2.0874016,2.0874016
dhdl_modified_7_lambda_6.xvg,0.207,6,0.0,0.0,0.0,152477090.0,326.31647,58.944485,15.097376,2.2896316,-2.0874016,0.0,0.0,0.0,0.0,0.0
dhdl_modified_7_lambda_7.xvg,0.207,7,0.0,0.0,0.0,152477090.0,326.31647,58.944485,15.097376,2.2896316,-2.0874016,0.0,0.0,0.0,0.0,0.0
dhdl_modified_7_lambda_8.xvg,0.207,8,0.0,0.0,0.0,152477090.0,326.31647,58.944485,15.097376,2.2896316,-2.0874016,0.0,0.0,0.0,0.0,0.0
dhdl_modified_7_lambda_9.xvg,0.207,9,0.0,0.0,0.0,152477090.0,326.31647,58.944485,15.097376,2.2896316,-2.0874016,0.0,0.0,0.0,0.0,0.0
dhdl_modified_7_lambda_10.xvg,0.207,10,0.0,0.0,0.0,152477090.0,326.31647,58.944485,15.097376,2.2896316,-2.0874016,0.0,0.0,0.0,0.0,0.0
dhdl_modified_8_lambda_0.xvg,0.208,0,0.0,34158238000000.0,-1727370100000.0,0.0,-143948670.0,-143948930.0,-143948980.0,-143948990.0,-143948990.0,-143948990.0,-143948990.0,-143948990.0,-143948990.0,-143948990.0
dhdl_modified_8_lambda_1.xvg,0.208,1,0.0,326.28403,-7347.2456,143948670.0,0.0,-267.34256,-311.187,-323.99416,-328.37101,-326.28348,-326.28348,-326.28348,-326.28348,-326.28348
dhdl_modified_8_lambda_2.xvg,0.208,2,0.0,58.940922,-831.74609,143948930.0,267.34256,0.0,-43.844438,-56.651601,-61.028449,-58.940914,-58.940914,-58.940914,-58.940914,-58.940914
dhdl_modified_8_lambda_3.xvg,0.208,3,0.0,15.096477,-213.09016,143948980.0,311.187,43.844438,0.0,-12.807163,-17.184012,-15.096477,-15.096477,-15.096477,-15.096477,-15.096477
dhdl_modified_8_lambda_4.xvg,0.208,4,0.0,2.2893131,-71.228096,143948990.0,323.99416,56.651601,12.807163,0.0,-4.3768482,-2.2893131,-2.2893131,-2.2893131,-2.2893131,-2.2893131
dhdl_modified_8_lambda_5.xvg,0.208,5,0.0,-2.0875351,-23.795603,143948990.0,328.37101,61.028449,17.184012,4.3768482,0.0,2.0875351,2.0875351,2.0875351,2.0875351,2.0875351
dhdl_modified_8_lambda_6.xvg,0.208,6,0.0,0.0,0.0,143948990.0,326.28348,58.940914,15.096477,2.2893131,-2.0875351,0.0,0.0,0.0,0.0,0.0
dhdl_modified_8_lambda_7.xvg,0.208,7,0.0,0.0,0.0,143948990.0,326.28348,58.940914,15.096477,2.2893131,-2.0875351,0.0,0.0,0.0,0.0,0.0
dhdl_modified_8_lambda_8.xvg,0.208,8,0.0,0.0,0.0,143948990.0,326.28348,58.940914,15.096477,2.2893131,-2.0875351,0.0,0.0,0.0,0.0,0.0
dhdl_modified_8_lambda_9.xvg,0.208,9,0.0,0.0,0.0,143948990.0,326.28348,58.940914,15.096477,2.2893131,-2.0875351,0.0,0.0,0.0,0.0,0.0
dhdl_modified_8_lambda_10.xvg,0.208,10,0.0,0.0,0.0,143948990.0,326.28348,58.940914,15.096477,2.2893131,-2.0875351,0.0,0.0,0.0,0.0,0.0
dhdl_modified_9_lambda_0.xvg,0.209,0,0.0,30171363000000.0,-1585151700000.0,0.0,-135934550.0,-135934820.0,-135934860.0,-135934880.0,-135934880.0,-135934880.0,-135934880.0,-135934880.0,-135934880.0,-135934880.0
dhdl_modified_9_lambda_1.xvg,0.209,1,0.0,326.25024,-7346.187,135934550.0,0.0,-267.31244,-311.15412,-323.96068,-328.33733,-326.24966,-326.24966,-326.24966,-326.24966,-326.24966
dhdl_modified_9_lambda_2.xvg,0.209,2,0.0,58.937233,-831.6853,135934820.0,267.31244,0.0,-43.841683,-56.648239,-61.024896,-58.937225,-58.937225,-58.937225,-58.937225,-58.937225
dhdl_modified_9_lambda_3.xvg,0.209,3,0.0,15.095542,-213.07924,135934860.0,311.15412,43.841683,0.0,-12.806556,-17.183213,-15.095542,-15.095542,-15.095542,-15.095542,-15.095542
dhdl_modified_9_lambda_4.xvg,0.209,4,0.0,2.2889862,-71.224998,135934880.0,323.96068,56.648239,12.806556,0.0,-4.3766568,-2.2889862,-2.2889862,-2.2889862,-2.2889862,-2.2889862
dhdl_modified_9_lambda_5.xvg,0.209,5,0.0,-2.0876706,-23.794483,135934880.0,328.33733,61.024896,17.183213,4.3766568,0.0,2.0876706,2.0876706,2.0876706,2.0876706,2.0876706
dhdl_modified_9_lambda_6.xvg,0.209,6,0.0,0.0,0.0,135934880.0,326.24966,58.937225,15.095542,2.2889862,-2.0876706,0.0,0.0,0.0,0.0,0.0
dhdl_modified_9_lambda_7.xvg,0.209,7,0.0,0.0,0.0,135934880.0,326.24966,58.937225,15.095542,2.2889862,-2.0876706,0.0,0.0,0.0,0.0,0.0
dhdl_modified_9_lambda_8.xvg,0.209,8,0.0,0.0,0.0,135934880.0,326.24966,58.937225,15.095542,2.2889862,-2.0876706,0.0,0.0,0.0,0.0,0.0
dhdl_modified_9_lambda_9.xvg,0.209,9,0.0,0.0,0.0,135934880.0,326.24966,58.937225,15.095542,2.2889862,-2.0876706,0.0,0.0,0.0,0.0,0.0
dhdl_modified_9_lambda_10.xvg,0.209,10,0.0,0.0,0.0,135934880.0,326.24966,58.937225,15.095542,2.2889862,-2.0876706,0.0,0.0,0.0,0.0,0.0
dhdl_modified_10_lambda_0.xvg,0.21,0,0.0,26665678000000.0,-1455241800000.0,0.0,-128401820.0,-128402090.0,-128402130.0,-128402140.0,-128402150.0,-128402140.0,-128402140.0,-128402140.0,-128402140.0,-128402140.0
dhdl_modified_10_lambda_1.xvg,0.21,1,0.0,326.21564,-7345.1025,128401820.0,0.0,-267.28156,-311.12043,-323.92637,-328.30284,-326.21503,-326.21503,-326.21503,-326.21503,-326.21503
dhdl_modified_10_lambda_2.xvg,0.21,2,0.0,58.933479,-831.62341,128402090.0,267.28156,0.0,-43.838876,-56.644818,-61.021281,-58.933472,-58.933472,-58.933472,-58.933472,-58.933472
dhdl_modified_10_lambda_3.xvg,0.21,3,0.0,15.094596,-213.06818,128402130.0,311.12043,43.838876,0.0,-12.805942,-17.182405,-15.094596,-15.094596,-15.094596,-15.094596,-15.094596
dhdl_modified_10_lambda_4.xvg,0.21,4,0.0,2.2886539,-71.22187,128402140.0,323.92637,56.644818,12.805942,0.0,-4.3764627,-2.2886539,-2.2886539,-2.2886539,-2.2886539,-2.2886539
dhdl_modified_10_lambda_5.xvg,0.21,5,0.0,-2.0878088,-23.793337,128402150.0,328.30284,61.021281,17.182405,4.3764627,0.0,2.0878088,2.0878088,2.0878088,2.0878088,2.0878088
dhdl_modified_10_lambda_6.xvg,0.21,6,0.0,0.0,0.0,128402140.0,326.21503,58.933472,15.094596,2.2886539,-2.0878088,0.0,0.0,0.0,0.0,0.0
dhdl_modified_10_lambda_7.xvg,0.21,7,0.0,0.0,0.0,128402140.0,326.21503,58.933472,15.094596,2.2886539,-2.0878088,0.0,0.0,0.0,0.0,0.0
dhdl_modified_10_lambda_8.xvg,0.21,8,0.0,0.0,0.0,128402140.0,326.21503,58.933472,15.094596,2.2886539,-2.0878088,0.0,0.0,0.0,0.0,0.0
dhdl_modified_10_lambda_9.xvg,0.21,9,0.0,0.0,0.0,128402140.0,326.21503,58.933472,15.094596,2.2886539,-2.0878088,0.0,0.0,0.0,0.0,0.0
dhdl_modified_10_lambda_10.xvg,0.21,10,0.0,0.0,0.0,128402140.0,326.21503,58.933472,15.094596,2.2886539,-2.0878088,0.0,0.0,0.0,0.0,0.0
dhdl_modified_11_lambda_0.xvg,0.211,0,0.0,23581013000000.0,-1336515000000.0,0.0,-121318990.0,-121319250.0,-121319300.0,-121319310.0,-121319310.0,-121319310.0,-121319310.0,-121319310.0,-121319310.0,-121319310.0
dhdl_modified_11_lambda_1.xvg,0.211,1,0.0,326.18015,-7343.9912,121318990.0,0.0,-267.24988,-311.08589,-323.89119,-328.26746,-326.1795,-326.1795,-326.1795,-326.1795,-326.1795
dhdl_modified_11_lambda_2.xvg,0.211,2,0.0,58.929634,-831.55994,121319250.0,267.24988,0.0,-43.836009,-56.641316,-61.017577,-58.929626,-58.929626,-58.929626,-58.929626,-58.929626
dhdl_modified_11_lambda_3.xvg,0.211,3,0.0,15.093618,-213.05676,121319300.0,311.08589,43.836009,0.0,-12.805307,-17.181568,-15.093617,-15.093617,-15.093617,-15.093617,-15.093617
dhdl_modified_11_lambda_4.xvg,0.211,4,0.0,2.2883108,-71.218628,121319310.0,323.89119,56.641316,12.805307,0.0,-4.3762617,-2.2883108,-2.2883108,-2.2883108,-2.2883108,-2.2883108
dhdl_modified_11_lambda_5.xvg,0.211,5,0.0,-2.0879509,-23.792162,121319310.0,328.26746,61.017577,17.181568,4.3762617,0.0,2.0879509,2.0879509,2.0879509,2.0879509,2.0879509
dhdl_modified_11_lambda_6.xvg,0.211,6,0.0,0.0,0.0,121319310.0,326.1795,58.929626,15.093617,2.2883108,-2.0879509,0.0,0.0,0.0,0.0,0.0
dhdl_modified_11_lambda_7.xvg,0.211,7,0.0,0.0,0.0,121319310.0,326.1795,58.929626,15.093617,2.2883108,-2.0879509,0.0,0.0,0.0,0.0,0.0
dhdl_modified_11_lambda_8.xvg,0.211,8,0.0,0.0,0.0,121319310.0,326.1795,58.929626,15.093617,2.2883108,-2.0879509,0.0,0.0,0.0,0.0,0.0
dhdl_modified_11_lambda_9.xvg,0.211,9,0.0,0.0,0.0,121319310.0,326.1795,58.929626,15.093617,2.2883108,-2.0879509,0.0,0.0,0.0,0.0,0.0
dhdl_modified_11_lambda_10.xvg,0.211,10,0.0,0.0,0.0,121319310.0,326.1795,58.929626,15.093617,2.2883108,-2.0879509,0.0,0.0,0.0,0.0,0.0
dhdl_modified_12_lambda_0.xvg,0.212,0,0.0,20865306000000.0,-1227969100000.0,0.0,-114657630.0,-114657890.0,-114657940.0,-114657950.0,-114657950.0,-114657950.0,-114657950.0,-114657950.0,-114657950.0,-114657950.0
dhdl_modified_12_lambda_1.xvg,0.212,1,0.0,326.14386,-7342.853,114657630.0,0.0,-267.21751,-311.05056,-323.85523,-328.23128,-326.14319,-326.14319,-326.14319,-326.14319,-326.14319
dhdl_modified_12_lambda_2.xvg,0.212,2,0.0,58.925686,-831.49475,114657890.0,267.21751,0.0,-43.833049,-56.637718,-61.013772,-58.925678,-58.925678,-58.925678,-58.925678,-58.925678
dhdl_modified_12_lambda_3.xvg,0.212,3,0.0,15.09263,-213.0452,114657940.0,311.05056,43.833049,0.0,-12.804669,-17.180723,-15.092629,-15.092629,-15.092629,-15.092629,-15.092629
dhdl_modified_12_lambda_4.xvg,0.212,4,0.0,2.2879605,-71.215324,114657950.0,323.85523,56.637718,12.804669,0.0,-4.3760545,-2.2879605,-2.2879605,-2.2879605,-2.2879605,-2.2879605
dhdl_modified_12_lambda_5.xvg,0.212,5,0.0,-2.088094,-23.790976,114657950.0,328.23128,61.013772,17.180723,4.3760545,0.0,2.088094,2.088094,2.088094,2.088094,2.088094
dhdl_modified_12_lambda_6.xvg,0.212,6,0.0,0.0,0.0,114657950.0,326.14319,58.925678,15.092629,2.2879605,-2.088094,0.0,0.0,0.0,0.0,0.0
dhdl_modified_12_lambda_7.xvg,0.212,7,0.0,0.0,0.0,114657950.0,326.14319,58.925678,15.092629,2.2879605,-2.088094,0.0,0.0,0.0,0.0,0.0
dhdl_modified_12_lambda_8.xvg,0.212,8,0.0,0.0,0.0,114657950.0,326.14319,58.925678,15.092629,2.2879605,-2.088094,0.0,0.0,0.0,0.0,0.0
dhdl_modified_12_lambda_9.xvg,0.212,9,0.0,0.0,0.0,114657950.0,326.14319,58.925678,15.092629,2.2879605,-2.088094,0.0,0.0,0.0,0.0,0.0
dhdl_modified_12_lambda_10.xvg,0.212,10,0.0,0.0,0.0,114657950.0,326.14319,58.925678,15.092629,2.2879605,-2.088094,0.0,0.0,0.0,0.0,0.0
dhdl_modified_13_lambda_0.xvg,0.213,0,0.0,18472870000000.0,-1128683900000.0,0.0,-108390510.0,-108390770.0,-108390820.0,-108390830.0,-108390830.0,-108390830.0,-108390830.0,-108390830.0,-108390830.0,-108390830.0
dhdl_modified_13_lambda_1.xvg,0.213,1,0.0,326.10681,-7341.6919,108390510.0,0.0,-267.18447,-311.0145,-323.81851,-328.19435,-326.10611,-326.10611,-326.10611,-326.10611,-326.10611
dhdl_modified_13_lambda_2.xvg,0.213,2,0.0,58.92165,-831.42816,108390770.0,267.18447,0.0,-43.830032,-56.634042,-61.009887,-58.921642,-58.921642,-58.921642,-58.921642,-58.921642
dhdl_modified_13_lambda_3.xvg,0.213,3,0.0,15.091611,-213.03328,108390820.0,311.0145,43.830032,0.0,-12.804009,-17.179854,-15.09161,-15.09161,-15.09161,-15.09161,-15.09161
dhdl_modified_13_lambda_4.xvg,0.213,4,0.0,2.2876008,-71.211922,108390830.0,323.81851,56.634042,12.804009,0.0,-4.375845,-2.2876008,-2.2876008,-2.2876008,-2.2876008,-2.2876008
dhdl_modified_13_lambda_5.xvg,0.213,5,0.0,-2.0882442,-23.789732,108390830.0,328.19435,61.009887,17.179854,4.375845,0.0,2.0882442,2.0882442,2.0882442,2.0882442,2.0882442
dhdl_modified_13_lambda_6.xvg,0.213,6,0.0,0.0,0.0,108390830.0,326.10611,58.921642,15.09161,2.2876008,-2.0882442,0.0,0.0,0.0,0.0,0.0
dhdl_modified_13_lambda_7.xvg,0.213,7,0.0,0.0,0.0,108390830.0,326.10611,58.921642,15.09161,2.2876008,-2.0882442,0.0,0.0,0.0,0.0,0.0
dhdl_modified_13_lambda_8.xvg,0.213,8,0.0,0.0,0.0,108390830.0,326.10611,58.921642,15.09161,2.2876008,-2.0882442,0.0,0.0,0.0,0.0,0.0
dhdl_modified_13_lambda_9.xvg,0.213,9,0.0,0.0,0.0,108390830.0,326.10611,58.921642,15.09161,2.2876008,-2.0882442,0.0,0.0,0.0,0.0,0.0
dhdl_modified_13_lambda_10.xvg,0.213,10,0.0,0.0,0.0,108390830.0,326.10611,58.921642,15.09161,2.2876008,-2.0882442,0.0,0.0,0.0,0.0,0.0
dhdl_modified_14_lambda_0.xvg,0.214,0,0.0,16364107000000.0,-1037836900000.0,0.0,-102492980.0,-102493250.0,-102493290.0,-102493300.0,-102493310.0,-102493300.0,-102493300.0,-102493300.0,-102493300.0,-102493300.0
dhdl_modified_14_lambda_1.xvg,0.214,1,0.0,326.06876,-7340.5005,102492980.0,0.0,-267.15052,-310.97746,-323.78079,-328.15642,-326.06802,-326.06802,-326.06802,-326.06802,-326.06802
dhdl_modified_14_lambda_2.xvg,0.214,2,0.0,58.917507,-831.35992,102493250.0,267.15052,0.0,-43.826931,-56.630263,-61.005896,-58.9175,-58.9175,-58.9175,-58.9175,-58.9175
dhdl_modified_14_lambda_3.xvg,0.214,3,0.0,15.090569,-213.02109,102493290.0,310.97746,43.826931,0.0,-12.803332,-17.178965,-15.090569,-15.090569,-15.090569,-15.090569,-15.090569
dhdl_modified_14_lambda_4.xvg,0.214,4,0.0,2.2872367,-71.208481,102493300.0,323.78079,56.630263,12.803332,0.0,-4.375633,-2.2872367,-2.2872367,-2.2872367,-2.2872367,-2.2872367
dhdl_modified_14_lambda_5.xvg,0.214,5,0.0,-2.0883963,-23.788471,102493310.0,328.15642,61.005896,17.178965,4.375633,0.0,2.0883963,2.0883963,2.0883963,2.0883963,2.0883963
dhdl_modified_14_lambda_6.xvg,0.214,6,0.0,0.0,0.0,102493300.0,326.06802,58.9175,15.090569,2.2872367,-2.0883963,0.0,0.0,0.0,0.0,0.0
dhdl_modified_14_lambda_7.xvg,0.214,7,0.0,0.0,0.0,102493300.0,326.06802,58.9175,15.090569,2.2872367,-2.0883963,0.0,0.0,0.0,0.0,0.0
dhdl_modified_14_lambda_8.xvg,0.214,8,0.0,0.0,0.0,102493300.0,326.06802,58.9175,15.090569,2.2872367,-2.0883963,0.0,0.0,0.0,0.0,0.0
dhdl_modified_14_lambda_9.xvg,0.214,9,0.0,0.0,0.0,102493300.0,326.06802,58.9175,15.090569,2.2872367,-2.0883963,0.0,0.0,0.0,0.0,0.0
dhdl_modified_14_lambda_10.xvg,0.214,10,0.0,0.0,0.0,102493300.0,326.06802,58.9175,15.090569,2.2872367,-2.0883963,0.0,0.0,0.0,0.0,0.0
dhdl_modified_15_lambda_0.xvg,0.215,0,0.0,14504169000000.0,-954671370000.0,0.0,-96941322.0,-96941589.0,-96941633.0,-96941646.0,-96941650.0,-96941648.0,-96941648.0,-96941648.0,-96941648.0,-96941648.0
dhdl_modified_15_lambda_1.xvg,0.215,1,0.0,326.02991,-7339.2827,96941322.0,0.0,-267.11585,-310.93965,-323.74229,-328.1177,-326.02914,-326.02914,-326.02914,-326.02914,-326.02914
dhdl_modified_15_lambda_2.xvg,0.215,2,0.0,58.913303,-831.29059,96941589.0,267.11585,0.0,-43.823798,-56.626438,-61.001849,-58.913296,-58.913296,-58.913296,-58.913296,-58.913296
dhdl_modified_15_lambda_3.xvg,0.215,3,0.0,15.089499,-213.00858,96941633.0,310.93965,43.823798,0.0,-12.80264,-17.178051,-15.089498,-15.089498,-15.089498,-15.089498,-15.089498
dhdl_modified_15_lambda_4.xvg,0.215,4,0.0,2.2868578,-71.20491,96941646.0,323.74229,56.626438,12.80264,0.0,-4.375411,-2.2868578,-2.2868578,-2.2868578,-2.2868578,-2.2868578
dhdl_modified_15_lambda_5.xvg,0.215,5,0.0,-2.0885532,-23.787172,96941650.0,328.1177,61.001849,17.178051,4.375411,0.0,2.0885532,2.0885532,2.0885532,2.0885532,2.0885532
dhdl_modified_15_lambda_6.xvg,0.215,6,0.0,0.0,0.0,96941648.0,326.02914,58.913296,15.089498,2.2868578,-2.0885532,0.0,0.0,0.0,0.0,0.0
dhdl_modified_15_lambda_7.xvg,0.215,7,0.0,0.0,0.0,96941648.0,326.02914,58.913296,15.089498,2.2868578,-2.0885532,0.0,0.0,0.0,0.0,0.0
dhdl_modified_15_lambda_8.xvg,0.215,8,0.0,0.0,0.0,96941648.0,326.02914,58.913296,15.089498,2.2868578,-2.0885532,0.0,0.0,0.0,0.0,0.0
dhdl_modified_15_lambda_9.xvg,0.215,9,0.0,0.0,0.0,96941648.0,326.02914,58.913296,15.089498,2.2868578,-2.0885532,0.0,0.0,0.0,0.0,0.0
dhdl_modified_15_lambda_10.xvg,0.215,10,0.0,0.0,0.0,96941648.0,326.02914,58.913296,15.089498,2.2868578,-2.0885532,0.0,0.0,0.0,0.0,0.0
dhdl_modified_16_lambda_0.xvg,0.216,0,0.0,12862836000000.0,-878510800000.0,0.0,-91714082.0,-91714349.0,-91714393.0,-91714406.0,-91714410.0,-91714408.0,-91714408.0,-91714408.0,-91714408.0,-91714408.0
dhdl_modified_16_lambda_1.xvg,0.216,1,0.0,325.99011,-7338.0356,91714082.0,0.0,-267.08033,-310.90088,-323.70281,-328.078,-325.98929,-325.98929,-325.98929,-325.98929,-325.98929
dhdl_modified_16_lambda_2.xvg,0.216,2,0.0,58.908974,-831.21899,91714349.0,267.08033,0.0,-43.820553,-56.622488,-60.997676,-58.908962,-58.908962,-58.908962,-58.908962,-58.908962
dhdl_modified_16_lambda_3.xvg,0.216,3,0.0,15.08841,-212.99585,91714393.0,310.90088,43.820553,0.0,-12.801935,-17.177123,-15.088409,-15.088409,-15.088409,-15.088409,-15.088409
dhdl_modified_16_lambda_4.xvg,0.216,4,0.0,2.2864745,-71.201294,91714406.0,323.70281,56.622488,12.801935,0.0,-4.3751879,-2.2864745,-2.2864745,-2.2864745,-2.2864745,-2.2864745
dhdl_modified_16_lambda_5.xvg,0.216,5,0.0,-2.0887134,-23.785845,91714410.0,328.078,60.997676,17.177123,4.3751879,0.0,2.0887134,2.0887134,2.0887134,2.0887134,2.0887134
dhdl_modified_16_lambda_6.xvg,0.216,6,0.0,0.0,0.0,91714408.0,325.98929,58.908962,15.088409,2.2864745,-2.0887134,0.0,0.0,0.0,0.0,0.0
dhdl_modified_16_lambda_7.xvg,0.216,7,0.0,0.0,0.0,91714408.0,325.98929,58.908962,15.088409,2.2864745,-2.0887134,0.0,0.0,0.0,0.0,0.0
dhdl_modified_16_lambda_8.xvg,0.216,8,0.0,0.0,0.0,91714408.0,325.98929,58.908962,15.088409,2.2864745,-2.0887134,0.0,0.0,0.0,0.0,0.0
dhdl_modified_16_lambda_9.xvg,0.216,9,0.0,0.0,0.0,91714408.0,325.98929,58.908962,15.088409,2.2864745,-2.0887134,0.0,0.0,0.0,0.0,0.0
dhdl_modified_16_lambda_10.xvg,0.216,10,0.0,0.0,0.0,91714408.0,325.98929,58.908962,15.088409,2.2864745,-2.0887134,0.0,0.0,0.0,0.0,0.0
dhdl_modified_17_lambda_0.xvg,0.217,0,0.0,11413552000000.0,-808735740000.0,0.0,-86790842.0,-86791109.0,-86791153.0,-86791166.0,-86791170.0,-86791168.0,-86791168.0,-86791168.0,-86791168.0,-86791168.0
dhdl_modified_17_lambda_1.xvg,0.217,1,0.0,325.9494,-7336.7603,86790842.0,0.0,-267.044,-310.86126,-323.66247,-328.03742,-325.94855,-325.94855,-325.94855,-325.94855,-325.94855
dhdl_modified_17_lambda_2.xvg,0.217,2,0.0,58.90456,-831.14612,86791109.0,267.044,0.0,-43.817264,-56.618468,-60.993425,-58.904549,-58.904549,-58.904549,-58.904549,-58.904549
dhdl_modified_17_lambda_3.xvg,0.217,3,0.0,15.087286,-212.98271,86791153.0,310.86126,43.817264,0.0,-12.801205,-17.176162,-15.087285,-15.087285,-15.087285,-15.087285,-15.087285
dhdl_modified_17_lambda_4.xvg,0.217,4,0.0,2.2860804,-71.197571,86791166.0,323.66247,56.618468,12.801205,0.0,-4.3749568,-2.2860804,-2.2860804,-2.2860804,-2.2860804,-2.2860804
dhdl_modified_17_lambda_5.xvg,0.217,5,0.0,-2.0888765,-23.784494,86791170.0,328.03742,60.993425,17.176162,4.3749568,0.0,2.0888765,2.0888765,2.0888765,2.0888765,2.0888765
dhdl_modified_17_lambda_6.xvg,0.217,6,0.0,0.0,0.0,86791168.0,325.94855,58.904549,15.087285,2.2860804,-2.0888765,0.0,0.0,0.0,0.0,0.0
dhdl_modified_17_lambda_7.xvg,0.217,7,0.0,0.0,0.0,86791168.0,325.94855,58.904549,15.087285,2.2860804,-2.0888765,0.0,0.0,0.0,0.0,0.0
dhdl_modified_17_lambda_8.xvg,0.217,8,0.0,0.0,0.0,86791168.0,325.94855,58.904549,15.087285,2.2860804,-2.0888765,0.0,0.0,0.0,0.0,0.0
dhdl_modified_17_lambda_9.xvg,0.217,9,0.0,0.0,0.0,86791168.0,325.94855,58.904549,15.087285,2.2860804,-2.0888765,0.0,0.0,0.0,0.0,0.0
dhdl_modified_17_lambda_10.xvg,0.217,10,0.0,0.0,0.0,86791168.0,325.94855,58.904549,15.087285,2.2860804,-2.0888765,0.0,0.0,0.0,0.0,0.0
dhdl_modified_18_lambda_0.xvg,0.218,0,0.0,10133062000000.0,-744782630000.0,0.0,-82152482.0,-82152749.0,-82152793.0,-82152806.0,-82152810.0,-82152808.0,-82152808.0,-82152808.0,-82152808.0,-82152808.0
dhdl_modified_18_lambda_1.xvg,0.218,1,0.0,325.90778,-7335.4556,82152482.0,0.0,-267.00688,-310.82075,-323.62121,-327.99593,-325.90689,-325.90689,-325.90689,-325.90689,-325.90689
dhdl_modified_18_lambda_2.xvg,0.218,2,0.0,58.900024,-831.07141,82152749.0,267.00688,0.0,-43.81387,-56.614335,-60.989056,-58.900013,-58.900013,-58.900013,-58.900013,-58.900013
dhdl_modified_18_lambda_3.xvg,0.218,3,0.0,15.086143,-212.96933,82152793.0,310.82075,43.81387,0.0,-12.800464,-17.175186,-15.086143,-15.086143,-15.086143,-15.086143,-15.086143
dhdl_modified_18_lambda_4.xvg,0.218,4,0.0,2.2856781,-71.193779,82152806.0,323.62121,56.614335,12.800464,0.0,-4.3747215,-2.2856781,-2.2856781,-2.2856781,-2.2856781,-2.2856781
dhdl_modified_18_lambda_5.xvg,0.218,5,0.0,-2.0890434,-23.783113,82152810.0,327.99593,60.989056,17.175186,4.3747215,0.0,2.0890434,2.0890434,2.0890434,2.0890434,2.0890434
dhdl_modified_18_lambda_6.xvg,0.218,6,0.0,0.0,0.0,82152808.0,325.90689,58.900013,15.086143,2.2856781,-2.0890434,0.0,0.0,0.0,0.0,0.0
dhdl_modified_18_lambda_7.xvg,0.218,7,0.0,0.0,0.0,82152808.0,325.90689,58.900013,15.086143,2.2856781,-2.0890434,0.0,0.0,0.0,0.0,0.0
dhdl_modified_18_lambda_8.xvg,0.218,8,0.0,0.0,0.0,82152808.0,325.90689,58.900013,15.086143,2.2856781,-2.0890434,0.0,0.0,0.0,0.0,0.0
dhdl_modified_18_lambda_9.xvg,0.218,9,0.0,0.0,0.0,82152808.0,325.90689,58.900013,15.086143,2.2856781,-2.0890434,0.0,0.0,0.0,0.0,0.0
dhdl_modified_18_lambda_10.xvg,0.218,10,0.0,0.0,0.0,82152808.0,325.90689,58.900013,15.086143,2.2856781,-2.0890434,0.0,0.0,0.0,0.0,0.0
dhdl_modified_19_lambda_0.xvg,0.219,0,0.0,9001142100000.0,-686145990000.0,0.0,-77781586.0,-77781853.0,-77781897.0,-77781910.0,-77781914.0,-77781912.0,-77781912.0,-77781912.0,-77781912.0,-77781912.0
dhdl_modified_19_lambda_1.xvg,0.219,1,0.0,325.86526,-7334.1235,77781586.0,0.0,-266.96898,-310.77938,-323.57908,-327.95356,-325.86435,-325.86435,-325.86435,-325.86435,-325.86435
dhdl_modified_19_lambda_2.xvg,0.219,2,0.0,58.895386,-830.99487,77781853.0,266.96898,0.0,-43.810405,-56.610107,-60.984588,-58.895374,-58.895374,-58.895374,-58.895374,-58.895374
dhdl_modified_19_lambda_3.xvg,0.219,3,0.0,15.08497,-212.95564,77781897.0,310.77938,43.810405,0.0,-12.799702,-17.174183,-15.08497,-15.08497,-15.08497,-15.08497,-15.08497
dhdl_modified_19_lambda_4.xvg,0.219,4,0.0,2.2852676,-71.189896,77781910.0,323.57908,56.610107,12.799702,0.0,-4.3744812,-2.2852676,-2.2852676,-2.2852676,-2.2852676,-2.2852676
dhdl_modified_19_lambda_5.xvg,0.219,5,0.0,-2.0892136,-23.781702,77781914.0,327.95356,60.984588,17.174183,4.3744812,0.0,2.0892136,2.0892136,2.0892136,2.0892136,2.0892136
dhdl_modified_19_lambda_6.xvg,0.219,6,0.0,0.0,0.0,77781912.0,325.86435,58.895374,15.08497,2.2852676,-2.0892136,0.0,0.0,0.0,0.0,0.0
dhdl_modified_19_lambda_7.xvg,0.219,7,0.0,0.0,0.0,77781912.0,325.86435,58.895374,15.08497,2.2852676,-2.0892136,0.0,0.0,0.0,0.0,0.0
dhdl_modified_19_lambda_8.xvg,0.219,8,0.0,0.0,0.0,77781912.0,325.86435,58.895374,15.08497,2.2852676,-2.0892136,0.0,0.0,0.0,0.0,0.0
dhdl_modified_19_lambda_9.xvg,0.219,9,0.0,0.0,0.0,77781912.0,325.86435,58.895374,15.08497,2.2852676,-2.0892136,0.0,0.0,0.0,0.0,0.0
dhdl_modified_19_lambda_10.xvg,0.219,10,0.0,0.0,0.0,77781912.0,325.86435,58.895374,15.08497,2.2852676,-2.0892136,0.0,0.0,0.0,0.0,0.0
dhdl_modified_20_lambda_0.xvg,0.22,0,0.0,7999925500000.0,-632359160000.0,0.0,-73661362.0,-73661629.0,-73661673.0,-73661686.0,-73661690.0,-73661688.0,-73661688.0,-73661688.0,-73661688.0,-73661688.0
dhdl_modified_20_lambda_1.xvg,0.22,1,0.0,325.82166,-7332.7568,73661362.0,0.0,-266.93003,-310.73691,-323.53583,-327.91007,-325.82068,-325.82068,-325.82068,-325.82068,-325.82068
dhdl_modified_20_lambda_2.xvg,0.22,2,0.0,58.890656,-830.91681,73661629.0,266.93003,0.0,-43.806873,-56.6058,-60.980033,-58.890644,-58.890644,-58.890644,-58.890644,-58.890644
dhdl_modified_20_lambda_3.xvg,0.22,3,0.0,15.083772,-212.94162,73661673.0,310.73691,43.806873,0.0,-12.798926,-17.17316,-15.083771,-15.083771,-15.083771,-15.083771,-15.083771
dhdl_modified_20_lambda_4.xvg,0.22,4,0.0,2.2848444,-71.185905,73661686.0,323.53583,56.6058,12.798926,0.0,-4.3742335,-2.2848444,-2.2848444,-2.2848444,-2.2848444,-2.2848444
dhdl_modified_20_lambda_5.xvg,0.22,5,0.0,-2.0893891,-23.780252,73661690.0,327.91007,60.980033,17.17316,4.3742335,0.0,2.0893891,2.0893891,2.0893891,2.0893891,2.0893891
dhdl_modified_20_lambda_6.xvg,0.22,6,0.0,0.0,0.0,73661688.0,325.82068,58.890644,15.083771,2.2848444,-2.0893891,0.0,0.0,0.0,0.0,0.0
dhdl_modified_20_lambda_7.xvg,0.22,7,0.0,0.0,0.0,73661688.0,325.82068,58.890644,15.083771,2.2848444,-2.0893891,0.0,0.0,0.0,0.0,0.0
dhdl_modified_20_lambda_8.xvg,0.22,8,0.0,0.0,0.0,73661688.0,325.82068,58.890644,15.083771,2.2848444,-2.0893891,0.0,0.0,0.0,0.0,0.0
dhdl_modified_20_lambda_9.xvg,0.22,9,0.0,0.0,0.0,73661688.0,325.82068,58.890644,15.083771,2.2848444,-2.0893891,0.0,0.0,0.0,0.0,0.0
dhdl_modified_20_lambda_10.xvg,0.22,10,0.0,0.0,0.0,73661688.0,325.82068,58.890644,15.083771,2.2848444,-2.0893891,0.0,0.0,0.0,0.0,0.0
dhdl_modified_21_lambda_0.xvg,0.221,0,0.0,7113897700000.0,-583005370000.0,0.0,-69776666.0,-69776933.0,-69776977.0,-69776990.0,-69776994.0,-69776992.0,-69776992.0,-69776992.0,-69776992.0,-69776992.0
dhdl_modified_21_lambda_1.xvg,0.221,1,0.0,325.77704,-7331.3604,69776666.0,0.0,-266.89022,-310.69348,-323.49162,-327.8656,-325.77603,-325.77603,-325.77603,-325.77603,-325.77603
dhdl_modified_21_lambda_2.xvg,0.221,2,0.0,58.885822,-830.83704,69776933.0,266.89022,0.0,-43.80326,-56.601395,-60.975379,-58.885811,-58.885811,-58.885811,-58.885811,-58.885811
dhdl_modified_21_lambda_3.xvg,0.221,3,0.0,15.082552,-212.92734,69776977.0,310.69348,43.80326,0.0,-12.798135,-17.17212,-15.082551,-15.082551,-15.082551,-15.082551,-15.082551
dhdl_modified_21_lambda_4.xvg,0.221,4,0.0,2.284416,-71.181854,69776990.0,323.49162,56.601395,12.798135,0.0,-4.3739846,-2.284416,-2.284416,-2.284416,-2.284416,-2.284416
dhdl_modified_21_lambda_5.xvg,0.221,5,0.0,-2.0895686,-23.778763,69776994.0,327.8656,60.975379,17.17212,4.3739846,0.0,2.0895686,2.0895686,2.0895686,2.0895686,2.0895686
dhdl_modified_21_lambda_6.xvg,0.221,6,0.0,0.0,0.0,69776992.0,325.77603,58.885811,15.082551,2.284416,-2.0895686,0.0,0.0,0.0,0.0,0.0
dhdl_modified_21_lambda_7.xvg,0.221,7,0.0,0.0,0.0,69776992.0,325.77603,58.885811,15.082551,2.284416,-2.0895686,0.0,0.0,0.0,0.0,0.0
dhdl_modified_21_lambda_8.xvg,0.221,8,0.0,0.0,0.0,69776992.0,325.77603,58.885811,15.082551,2.284416,-2.0895686,0.0,0.0,0.0,0.0,0.0
dhdl_modified_21_lambda_9.xvg,0.221,9,0.0,0.0,0.0,69776992.0,325.77603,58.885811,15.082551,2.284416,-2.0895686,0.0,0.0,0.0,0.0,0.0
dhdl_modified_21_lambda_10.xvg,0.221,10,0.0,0.0,0.0,69776992.0,325.77603,58.885811,15.082551,2.284416,-2.0895686,0.0,0.0,0.0,0.0,0.0
dhdl_modified_22_lambda_0.xvg,0.222,0,0.0,6329308500000.0,-537698110000.0,0.0,-66112794.0,-66113061.0,-66113105.0,-66113118.0,-66113122.0,-66113120.0,-66113120.0,-66113120.0,-66113120.0,-66113120.0
dhdl_modified_22_lambda_1.xvg,0.222,1,0.0,325.73148,-7329.9331,66112794.0,0.0,-266.84956,-310.64911,-323.44644,-327.82016,-325.73041,-325.73041,-325.73041,-325.73041,-325.73041
dhdl_modified_22_lambda_2.xvg,0.222,2,0.0,58.880859,-830.75519,66113061.0,266.84956,0.0,-43.799547,-56.596875,-60.970599,-58.880848,-58.880848,-58.880848,-58.880848,-58.880848
dhdl_modified_22_lambda_3.xvg,0.222,3,0.0,15.081302,-212.91275,66113105.0,310.64911,43.799547,0.0,-12.797328,-17.171052,-15.081301,-15.081301,-15.081301,-15.081301,-15.081301
dhdl_modified_22_lambda_4.xvg,0.222,4,0.0,2.2839725,-71.177666,66113118.0,323.44644,56.596875,12.797328,0.0,-4.3737235,-2.2839725,-2.2839725,-2.2839725,-2.2839725,-2.2839725
dhdl_modified_22_lambda_5.xvg,0.222,5,0.0,-2.089751,-23.77725,66113122.0,327.82016,60.970599,17.171052,4.3737235,0.0,2.089751,2.089751,2.089751,2.089751,2.089751
dhdl_modified_22_lambda_6.xvg,0.222,6,0.0,0.0,0.0,66113120.0,325.73041,58.880848,15.081301,2.2839725,-2.089751,0.0,0.0,0.0,0.0,0.0
dhdl_modified_22_lambda_7.xvg,0.222,7,0.0,0.0,0.0,66113120.0,325.73041,58.880848,15.081301,2.2839725,-2.089751,0.0,0.0,0.0,0.0,0.0
dhdl_modified_22_lambda_8.xvg,0.222,8,0.0,0.0,0.0,66113120.0,325.73041,58.880848,15.081301,2.2839725,-2.089751,0.0,0.0,0.0,0.0,0.0
dhdl_modified_22_lambda_9.xvg,0.222,9,0.0,0.0,0.0,66113120.0,325.73041,58.880848,15.081301,2.2839725,-2.089751,0.0,0.0,0.0,0.0,0.0
