XVG Filename,Distance (nm),Lambda State,Time (ps),Total Energy (kJ/mol),dH/dλ vdw-lambda = 0.0000,ΔH λ to 0.0000,ΔH λ to 0.1000,ΔH λ to 0.2000,ΔH λ to 0.3000,ΔH λ to 0.4000,ΔH λ to 0.5000,ΔH λ to 0.6000,ΔH λ to 0.7000,ΔH λ to 0.8000,ΔH λ to 0.9000,ΔH λ to 1.0000
dhdl_modified_0_lambda_0.xvg,0.2,0,0.0,94233940000000.0,-3487267000000.0,0.0,-229941800.0,-229942070.0,-229942120.0,-229942130.0,-229942140.0,-229942140.0,-229942140.0,-229942140.0,-229942140.0,-229942140.0
dhdl_modified_0_lambda_1.xvg,0.2,1,0.0,341.09583,-7371.0513,229941800.0,0.0,-269.1781,-314.661,-329.09123,-335.08822,-337.97726,-339.49782,-340.34142,-340.82178,-341.09546
dhdl_modified_0_lambda_2.xvg,0.2,2,0.0,71.917366,-848.3689,229942070.0,269.1781,0.0,-45.482895,-59.913134,-65.91012,-68.799164,-70.319724,-71.163316,-71.643679,-71.917358
dhdl_modified_0_lambda_3.xvg,0.2,3,0.0,26.43446,-229.35574,229942120.0,314.661,45.482895,0.0,-14.430239,-20.427225,-23.316269,-24.836829,-25.680421,-26.160784,-26.434464
dhdl_modified_0_lambda_4.xvg,0.2,4,0.0,12.004225,-87.437874,229942130.0,329.09123,59.913134,14.430239,0.0,-5.9969859,-8.88603,-10.40659,-11.250182,-11.730546,-12.004225
dhdl_modified_0_lambda_5.xvg,0.2,5,0.0,6.0072389,-39.991276,229942140.0,335.08822,65.91012,20.427225,5.9969859,0.0,-2.889044,-4.4096044,-5.2531962,-5.7335598,-6.0072389
dhdl_modified_0_lambda_6.xvg,0.2,6,0.0,3.1181948,-20.379286,229942140.0,337.97726,68.799164,23.316269,8.88603,2.889044,0.0,-1.5205604,-2.3641522,-2.8445157,-3.1181948
dhdl_modified_0_lambda_7.xvg,0.2,7,0.0,1.5976344,-11.094551,229942140.0,339.49782,70.319724,24.836829,10.40659,4.4096044,1.5205604,0.0,-0.84359181,-1.3239554,-1.5976344
dhdl_modified_0_lambda_8.xvg,0.2,8,0.0,0.75404263,-6.2688732,229942140.0,340.34142,71.163316,25.680421,11.250182,5.2531962,2.3641522,0.84359181,0.0,-0.48036355,-0.75404263
dhdl_modified_0_lambda_9.xvg,0.2,9,0.0,0.27367908,-3.5868607,229942140.0,340.82178,71.643679,26.160784,11.730546,5.7335598,2.8445157,1.3239554,0.48036355,0.0,-0.27367908
dhdl_modified_0_lambda_10.xvg,0.2,10,0.0,0.0,-2.021071,229942140.0,341.09546,71.917358,26.434464,12.004225,6.0072389,3.1181948,1.5976344,0.75404263,0.27367908,0.0
dhdl_modified_1_lambda_0.xvg,0.201,0,0.0,82826515000000.0,-3189265100000.0,0.0,-216647530.0,-216647800.0,-216647850.0,-216647860.0,-216647870.0,-216647870.0,-216647870.0,-216647870.0,-216647870.0,-216647870.0
dhdl_modified_1_lambda_1.xvg,0.201,1,0.0,341.06799,-7370.1777,216647530.0,0.0,-269.15325,-314.6339,-329.06364,-335.06047,-337.94945,-339.46999,-340.31356,-340.79392,-341.0676
dhdl_modified_1_lambda_2.xvg,0.201,2,0.0,71.914352,-848.31921,216647800.0,269.15325,0.0,-45.480646,-59.910392,-65.907217,-68.796201,-70.316733,-71.160312,-71.640669,-71.914345
dhdl_modified_1_lambda_3.xvg,0.201,3,0.0,26.433695,-229.34677,216647850.0,314.6339,45.480646,0.0,-14.429746,-20.426571,-23.315554,-24.836087,-25.679666,-26.160023,-26.433699
dhdl_modified_1_lambda_4.xvg,0.201,4,0.0,12.003952,-87.435318,216647860.0,329.06364,59.910392,14.429746,0.0,-5.9968252,-8.8858087,-10.406342,-11.24992,-11.730277,-12.003953
dhdl_modified_1_lambda_5.xvg,0.201,5,0.0,6.0071278,-39.990349,216647870.0,335.06047,65.907217,20.426571,5.9968252,0.0,-2.8889835,-4.4095165,-5.253095,-5.733452,-6.0071278
dhdl_modified_1_lambda_6.xvg,0.201,6,0.0,3.1181443,-20.378893,216647870.0,337.94945,68.796201,23.315554,8.8858087,2.8889835,0.0,-1.520533,-2.3641115,-2.8444685,-3.1181443
dhdl_modified_1_lambda_7.xvg,0.201,7,0.0,1.5976113,-11.094368,216647870.0,339.46999,70.316733,24.836087,10.406342,4.4095165,1.520533,0.0,-0.84357858,-1.3239356,-1.5976113
dhdl_modified_1_lambda_8.xvg,0.201,8,0.0,0.75403273,-6.268784,216647870.0,340.31356,71.160312,25.679666,11.24992,5.253095,2.3641115,0.84357858,0.0,-0.48035699,-0.75403273
dhdl_modified_1_lambda_9.xvg,0.201,9,0.0,0.27367574,-3.5868149,216647870.0,340.79392,71.640669,26.160023,11.730277,5.733452,2.8444685,1.3239356,0.48035699,0.0,-0.27367574
dhdl_modified_1_lambda_10.xvg,0.201,10,0.0,0.0,-2.0210466,216647870.0,341.0676,71.914345,26.433699,12.003953,6.0071278,3.1181443,1.5976113,0.75403273,0.27367574,0.0
dhdl_modified_2_lambda_0.xvg,0.202,0,0.0,72845992000000.0,-2918005100000.0,0.0,-204181370.0,-204181640.0,-204181690.0,-204181700.0,-204181710.0,-204181710.0,-204181710.0,-204181710.0,-204181710.0,-204181710.0
dhdl_modified_2_lambda_1.xvg,0.202,1,0.0,341.03946,-7369.2827,204181370.0,0.0,-269.12783,-314.60615,-329.03539,-335.03205,-337.92097,-339.44147,-340.28504,-340.76539,-341.03906
dhdl_modified_2_lambda_2.xvg,0.202,2,0.0,71.91124,-848.26776,204181640.0,269.12783,0.0,-45.478321,-59.907555,-65.904218,-68.793138,-70.313644,-71.157209,-71.63756,-71.911232
dhdl_modified_2_lambda_3.xvg,0.202,3,0.0,26.432911,-229.33762,204181690.0,314.60615,45.478321,0.0,-14.429234,-20.425897,-23.314817,-24.835323,-25.678888,-26.159239,-26.432911
dhdl_modified_2_lambda_4.xvg,0.202,4,0.0,12.003677,-87.432724,204181700.0,329.03539,59.907555,14.429234,0.0,-5.9966631,-8.8855832,-10.40609,-11.249655,-11.730005,-12.003677
dhdl_modified_2_lambda_5.xvg,0.202,5,0.0,6.0070143,-39.98941,204181710.0,335.03205,65.904218,20.425897,5.9966631,0.0,-2.8889201,-4.4094265,-5.2529916,-5.7333421,-6.0070143
dhdl_modified_2_lambda_6.xvg,0.202,6,0.0,3.1180942,-20.378504,204181710.0,337.92097,68.793138,23.314817,8.8855832,2.8889201,0.0,-1.5205064,-2.3640715,-2.844422,-3.1180942
dhdl_modified_2_lambda_7.xvg,0.202,7,0.0,1.5975878,-11.094183,204181710.0,339.44147,70.313644,24.835323,10.40609,4.4094265,1.5205064,0.0,-0.84356517,-1.3239156,-1.5975878
dhdl_modified_2_lambda_8.xvg,0.202,8,0.0,0.75402266,-6.268693,204181710.0,340.28504,71.157209,25.678888,11.249655,5.2529916,2.3640715,0.84356517,0.0,-0.48035043,-0.75402266
dhdl_modified_2_lambda_9.xvg,0.202,9,0.0,0.27367222,-3.5867667,204181710.0,340.76539,71.63756,26.159239,11.730005,5.7333421,2.844422,1.3239156,0.48035043,0.0,-0.27367222
dhdl_modified_2_lambda_10.xvg,0.202,10,0.0,0.0,-2.0210223,204181710.0,341.03906,71.911232,26.432911,12.003677,6.0070143,3.1180942,1.5975878,0.75402266,0.27367222,0.0
dhdl_modified_3_lambda_0.xvg,0.203,0,0.0,64108901000000.0,-2670992800000.0,0.0,-192489020.0,-192489290.0,-192489330.0,-192489350.0,-192489350.0,-192489360.0,-192489360.0,-192489360.0,-192489360.0,-192489360.0
dhdl_modified_3_lambda_1.xvg,0.203,1,0.0,341.01016,-7368.3657,192489020.0,0.0,-269.10169,-314.57766,-329.00637,-335.00287,-337.89172,-339.4122,-340.25575,-340.7361,-341.00977
dhdl_modified_3_lambda_2.xvg,0.203,2,0.0,71.908081,-848.21564,192489290.0,269.10169,0.0,-45.475967,-59.904678,-65.901176,-68.790032,-70.31051,-71.154061,-71.634405,-71.908073
dhdl_modified_3_lambda_3.xvg,0.203,3,0.0,26.432106,-229.32819,192489330.0,314.57766,45.475967,0.0,-14.428711,-20.425209,-23.314065,-24.834543,-25.678094,-26.158437,-26.432106
dhdl_modified_3_lambda_4.xvg,0.203,4,0.0,12.003395,-87.430054,192489350.0,329.00637,59.904678,14.428711,0.0,-5.9964976,-8.885354,-10.405832,-11.249383,-11.729726,-12.003395
dhdl_modified_3_lambda_5.xvg,0.203,5,0.0,6.0068974,-39.988441,192489350.0,335.00287,65.901176,20.425209,5.9964976,0.0,-2.8888564,-4.4093339,-5.2528853,-5.7332288,-6.0068974
dhdl_modified_3_lambda_6.xvg,0.203,6,0.0,3.118041,-20.37809,192489360.0,337.89172,68.790032,23.314065,8.885354,2.8888564,0.0,-1.5204775,-2.3640289,-2.8443724,-3.118041
dhdl_modified_3_lambda_7.xvg,0.203,7,0.0,1.5975635,-11.09399,192489360.0,339.4122,70.31051,24.834543,10.405832,4.4093339,1.5204775,0.0,-0.8435514,-1.3238948,-1.5975635
dhdl_modified_3_lambda_8.xvg,0.203,8,0.0,0.75401211,-6.2685971,192489360.0,340.25575,71.154061,25.678094,11.249383,5.2528853,2.3640289,0.8435514,0.0,-0.48034343,-0.75401211
dhdl_modified_3_lambda_9.xvg,0.203,9,0.0,0.27366868,-3.5867183,192489360.0,340.7361,71.634405,26.158437,11.729726,5.7332288,2.8443724,1.3238948,0.48034343,0.0,-0.27366868
dhdl_modified_3_lambda_10.xvg,0.203,10,0.0,0.0,-2.0209973,192489360.0,341.00977,71.908073,26.432106,12.003395,6.0068974,3.118041,1.5975635,0.75401211,0.27366868,0.0
dhdl_modified_4_lambda_0.xvg,0.204,0,0.0,56454799000000.0,-2445943000000.0,0.0,-181518320.0,-181518580.0,-181518630.0,-181518640.0,-181518650.0,-181518650.0,-181518650.0,-181518660.0,-181518660.0,-181518660.0
dhdl_modified_4_lambda_1.xvg,0.204,1,0.0,340.98029,-7367.4277,181518320.0,0.0,-269.075,-314.54854,-328.97672,-334.97305,-337.86184,-339.38229,-340.22583,-340.70616,-340.97983
dhdl_modified_4_lambda_2.xvg,0.204,2,0.0,71.904816,-848.16187,181518580.0,269.075,0.0,-45.473532,-59.90172,-65.898046,-68.786836,-70.307284,-71.150822,-71.631158,-71.904823
dhdl_modified_4_lambda_3.xvg,0.204,3,0.0,26.431292,-229.31862,181518630.0,314.54854,45.473532,0.0,-14.428188,-20.424514,-23.313304,-24.833753,-25.67729,-26.157627,-26.431292
dhdl_modified_4_lambda_4.xvg,0.204,4,0.0,12.003103,-87.427307,181518640.0,328.97672,59.90172,14.428188,0.0,-5.996326,-8.8851161,-10.405564,-11.249102,-11.729438,-12.003103
dhdl_modified_4_lambda_5.xvg,0.204,5,0.0,6.0067773,-39.98745,181518650.0,334.97305,65.898046,20.424514,5.996326,0.0,-2.8887901,-4.4092382,-5.252776,-5.7331122,-6.0067773
dhdl_modified_4_lambda_6.xvg,0.204,6,0.0,3.1179872,-20.377668,181518650.0,337.86184,68.786836,23.313304,8.8851161,2.8887901,0.0,-1.5204481,-2.3639859,-2.8443221,-3.1179872
dhdl_modified_4_lambda_7.xvg,0.204,7,0.0,1.5975391,-11.093796,181518650.0,339.38229,70.307284,24.833753,10.405564,4.4092382,1.5204481,0.0,-0.84353781,-1.323874,-1.5975391
dhdl_modified_4_lambda_8.xvg,0.204,8,0.0,0.75400126,-6.2684994,181518660.0,340.22583,71.150822,25.67729,11.249102,5.252776,2.3639859,0.84353781,0.0,-0.48033622,-0.75400126
dhdl_modified_4_lambda_9.xvg,0.204,9,0.0,0.27366504,-3.5866687,181518660.0,340.70616,71.631158,26.157627,11.729438,5.7331122,2.8443221,1.323874,0.48033622,0.0,-0.27366504
dhdl_modified_4_lambda_10.xvg,0.204,10,0.0,0.0,-2.0209715,181518660.0,340.97983,71.904823,26.431292,12.003103,6.0067773,3.1179872,1.5975391,0.75400126,0.27366504,0.0
dhdl_modified_5_lambda_0.xvg,0.205,0,0.0,49745398000000.0,-2240817700000.0,0.0,-171221870.0,-171222140.0,-171222180.0,-171222200.0,-171222200.0,-171222200.0,-171222210.0,-171222210.0,-171222210.0,-171222210.0
dhdl_modified_5_lambda_1.xvg,0.205,1,0.0,340.94946,-7366.4624,171221870.0,0.0,-269.0475,-314.51853,-328.94616,-334.94232,-337.83104,-339.35146,-340.19498,-340.67531,-340.94897
dhdl_modified_5_lambda_2.xvg,0.205,2,0.0,71.901482,-848.10669,171222140.0,269.0475,0.0,-45.471029,-59.898664,-65.89482,-68.783542,-70.30396,-71.147484,-71.627813,-71.901474
dhdl_modified_5_lambda_3.xvg,0.205,3,0.0,26.430445,-229.30878,171222180.0,314.51853,45.471029,0.0,-14.427634,-20.423791,-23.312513,-24.832931,-25.676454,-26.156783,-26.430445
dhdl_modified_5_lambda_4.xvg,0.205,4,0.0,12.00281,-87.42453,171222200.0,328.94616,59.898664,14.427634,0.0,-5.9961567,-8.8848784,-10.405297,-11.24882,-11.729149,-12.00281
dhdl_modified_5_lambda_5.xvg,0.205,5,0.0,6.0066538,-39.986427,171222200.0,334.94232,65.89482,20.423791,5.9961567,0.0,-2.8887217,-4.4091402,-5.2526634,-5.7329925,-6.0066538
dhdl_modified_5_lambda_6.xvg,0.205,6,0.0,3.1179321,-20.377241,171222200.0,337.83104,68.783542,23.312513,8.8848784,2.8887217,0.0,-1.5204185,-2.3639417,-2.8442708,-3.1179321
dhdl_modified_5_lambda_7.xvg,0.205,7,0.0,1.5975136,-11.093594,171222210.0,339.35146,70.30396,24.832931,10.405297,4.4091402,1.5204185,0.0,-0.84352314,-1.3238523,-1.5975136
dhdl_modified_5_lambda_8.xvg,0.205,8,0.0,0.75399041,-6.2684007,171222210.0,340.19498,71.147484,25.676454,11.24882,5.2526634,2.3639417,0.84352314,0.0,-0.48032916,-0.75399041
dhdl_modified_5_lambda_9.xvg,0.205,9,0.0,0.27366126,-3.5866172,171222210.0,340.67531,71.627813,26.156783,11.729149,5.7329925,2.8442708,1.3238523,0.48032916,0.0,-0.27366126
dhdl_modified_5_lambda_10.xvg,0.205,10,0.0,0.0,-2.0209451,171222210.0,340.94897,71.901474,26.430445,12.00281,6.0066538,3.1179321,1.5975136,0.75399041,0.27366126,0.0
dhdl_modified_6_lambda_0.xvg,0.206,0,0.0,43860139000000.0,-2053762100000.0,0.0,-161554960.0,-161555220.0,-161555270.0,-161555280.0,-161555290.0,-161555290.0,-161555290.0,-161555300.0,-161555300.0,-161555300.0
dhdl_modified_6_lambda_1.xvg,0.206,1,0.0,340.91806,-7365.4766,161554960.0,0.0,-269.01948,-314.48796,-328.91504,-334.91101,-337.79967,-339.32005,-340.16356,-340.64388,-340.91754
dhdl_modified_6_lambda_2.xvg,0.206,2,0.0,71.898071,-848.05048,161555220.0,269.01948,0.0,-45.468481,-59.895558,-65.891537,-68.780189,-70.300576,-71.144085,-71.624406,-71.898064
dhdl_modified_6_lambda_3.xvg,0.206,3,0.0,26.429583,-229.29865,161555270.0,314.48796,45.468481,0.0,-14.427077,-20.423056,-23.311708,-24.832095,-25.675603,-26.155925,-26.429583
dhdl_modified_6_lambda_4.xvg,0.206,4,0.0,12.002505,-87.421646,161555280.0,328.91504,59.895558,14.427077,0.0,-5.9959784,-8.8846309,-10.405018,-11.248526,-11.728848,-12.002505
dhdl_modified_6_lambda_5.xvg,0.206,5,0.0,6.0065269,-39.985374,161555290.0,334.91101,65.891537,20.423056,5.9959784,0.0,-2.8886526,-4.4090395,-5.2525478,-5.7328694,-6.0065269
dhdl_modified_6_lambda_6.xvg,0.206,6,0.0,3.1178744,-20.376789,161555290.0,337.79967,68.780189,23.311708,8.8846309,2.8886526,0.0,-1.5203869,-2.3638952,-2.8442169,-3.1178744
dhdl_modified_6_lambda_7.xvg,0.206,7,0.0,1.5974874,-11.093387,161555290.0,339.32005,70.300576,24.832095,10.405018,4.4090395,1.5203869,0.0,-0.8435083,-1.3238299,-1.5974874
dhdl_modified_6_lambda_8.xvg,0.206,8,0.0,0.75397915,-6.2682981,161555300.0,340.16356,71.144085,25.675603,11.248526,5.2525478,2.3638952,0.8435083,0.0,-0.48032165,-0.75397915
dhdl_modified_6_lambda_9.xvg,0.206,9,0.0,0.2736575,-3.586566,161555300.0,340.64388,71.624406,26.155925,11.728848,5.7328694,2.8442169,1.3238299,0.48032165,0.0,-0.2736575
dhdl_modified_6_lambda_10.xvg,0.206,10,0.0,0.0,-2.0209179,161555300.0,340.91754,71.898064,26.429583,12.002505,6.0065269,3.1178744,1.5974874,0.75397915,0.2736575,0.0
dhdl_modified_7_lambda_0.xvg,0.207,0,0.0,38694740000000.0,-1883116900000.0,0.0,-152476760.0,-152477030.0,-152477080.0,-152477090.0,-152477100.0,-152477100.0,-152477100.0,-152477100.0,-152477100.0,-152477100.0
dhdl_modified_7_lambda_1.xvg,0.207,1,0.0,340.8858,-7364.4668,152476760.0,0.0,-268.99076,-314.45662,-328.88312,-334.87892,-337.7675,-339.28785,-340.13135,-340.61166,-340.88531
dhdl_modified_7_lambda_2.xvg,0.207,2,0.0,71.894562,-847.99268,152477030.0,268.99076,0.0,-45.465862,-59.892361,-65.888156,-68.776737,-70.297093,-71.140586,-71.620901,-71.894554
dhdl_modified_7_lambda_3.xvg,0.207,3,0.0,26.428692,-229.28828,152477080.0,314.45662,45.465862,0.0,-14.426498,-20.422294,-23.310875,-24.831231,-25.674724,-26.155038,-26.428692
dhdl_modified_7_lambda_4.xvg,0.207,4,0.0,12.002192,-87.418701,152477090.0,328.88312,59.892361,14.426498,0.0,-5.9957952,-8.8843768,-10.404732,-11.248226,-11.72854,-12.002193
dhdl_modified_7_lambda_5.xvg,0.207,5,0.0,6.0063982,-39.984306,152477100.0,334.87892,65.888156,20.422294,5.9957952,0.0,-2.8885815,-4.4089371,-5.2524305,-5.7327447,-6.0063982
dhdl_modified_7_lambda_6.xvg,0.207,6,0.0,3.1178167,-20.376343,152477100.0,337.7675,68.776737,23.310875,8.8843768,2.8885815,0.0,-1.5203556,-2.363849,-2.8441631,-3.1178167
dhdl_modified_7_lambda_7.xvg,0.207,7,0.0,1.5974611,-11.093178,152477100.0,339.28785,70.297093,24.831231,10.404732,4.4089371,1.5203556,0.0,-0.8434934,-1.3238076,-1.5974611
dhdl_modified_7_lambda_8.xvg,0.207,8,0.0,0.7539677,-6.2681952,152477100.0,340.13135,71.140586,25.674724,11.248226,5.2524305,2.363849,0.8434934,0.0,-0.48031417,-0.7539677
dhdl_modified_7_lambda_9.xvg,0.207,9,0.0,0.27365354,-3.5865119,152477100.0,340.61166,71.620901,26.155038,11.72854,5.7327447,2.8441631,1.3238076,0.48031417,0.0,-0.27365354
dhdl_modified_7_lambda_10.xvg,0.207,10,0.0,0.0,-2.0208902,152477100.0,340.88531,71.894554,26.428692,12.002193,6.0063982,3.1178167,1.5974611,0.7539677,0.27365354,0.0
dhdl_modified_8_lambda_0.xvg,0.208,0,0.0,34158238000000.0,-1727370100000.0,0.0,-143948670.0,-143948940.0,-143948980.0,-143949000.0,-143949000.0,-143949000.0,-143949010.0,-143949010.0,-143949010.0,-143949010.0
dhdl_modified_8_lambda_1.xvg,0.208,1,0.0,340.85284,-7363.4331,143948670.0,0.0,-268.96131,-314.4245,-328.85042,-334.84603,-337.73454,-339.25486,-340.09834,-340.57865,-340.85229
dhdl_modified_8_lambda_2.xvg,0.208,2,0.0,71.890991,-847.93365,143948940.0,268.96131,0.0,-45.463188,-59.889111,-65.884719,-68.773226,-70.29355,-71.137028,-71.617334,-71.890984
dhdl_modified_8_lambda_3.xvg,0.208,3,0.0,26.427795,-229.27777,143948980.0,314.4245,45.463188,0.0,-14.425922,-20.421531,-23.310038,-24.830362,-25.67384,-26.154146,-26.427795
dhdl_modified_8_lambda_4.xvg,0.208,4,0.0,12.001873,-87.415695,143949000.0,328.85042,59.889111,14.425922,0.0,-5.9956083,-8.8841155,-10.40444,-11.247917,-11.728224,-12.001873
dhdl_modified_8_lambda_5.xvg,0.208,5,0.0,6.0062647,-39.9832,143949000.0,334.84603,65.884719,20.421531,5.9956083,0.0,-2.8885071,-4.4088314,-5.252309,-5.7326152,-6.0062647
dhdl_modified_8_lambda_6.xvg,0.208,6,0.0,3.1177576,-20.375879,143949000.0,337.73454,68.773226,23.310038,8.8841155,2.8885071,0.0,-1.5203242,-2.3638019,-2.844108,-3.1177576
dhdl_modified_8_lambda_7.xvg,0.208,7,0.0,1.5974333,-11.092958,143949010.0,339.25486,70.29355,24.830362,10.40444,4.4088314,1.5203242,0.0,-0.84347767,-1.3237838,-1.5974333
dhdl_modified_8_lambda_8.xvg,0.208,8,0.0,0.75395566,-6.2680855,143949010.0,340.09834,71.137028,25.67384,11.247917,5.252309,2.3638019,0.84347767,0.0,-0.48030615,-0.75395566
dhdl_modified_8_lambda_9.xvg,0.208,9,0.0,0.27364951,-3.586457,143949010.0,340.57865,71.617334,26.154146,11.728224,5.7326152,2.844108,1.3237838,0.48030615,0.0,-0.27364951
dhdl_modified_8_lambda_10.xvg,0.208,10,0.0,0.0,-2.0208621,143949010.0,340.85229,71.890984,26.427795,12.001873,6.0062647,3.1177576,1.5974333,0.75395566,0.27364951,0.0
dhdl_modified_9_lambda_0.xvg,0.209,0,0.0,30171363000000.0,-1585151700000.0,0.0,-135934540.0,-135934810.0,-135934850.0,-135934870.0,-135934870.0,-135934880.0,-135934880.0,-135934880.0,-135934880.0,-135934880.0
dhdl_modified_9_lambda_1.xvg,0.209,1,0.0,340.81906,-7362.3745,135934540.0,0.0,-268.93118,-314.39162,-328.81693,-334.81235,-337.70079,-339.22108,-340.06454,-340.54484,-340.81848
dhdl_modified_9_lambda_2.xvg,0.209,2,0.0,71.887306,-847.87292,135934810.0,268.93118,0.0,-45.46044,-59.885752,-65.881169,-68.769603,-70.289893,-71.133355,-71.613653,-71.887299
dhdl_modified_9_lambda_3.xvg,0.209,3,0.0,26.426859,-229.26683,135934850.0,314.39162,45.46044,0.0,-14.425312,-20.420729,-23.309163,-24.829453,-25.672915,-26.153213,-26.426859
dhdl_modified_9_lambda_4.xvg,0.209,4,0.0,12.001547,-87.412598,135934870.0,328.81693,59.885752,14.425312,0.0,-5.9954171,-8.8838511,-10.404141,-11.247603,-11.727901,-12.001547
dhdl_modified_9_lambda_5.xvg,0.209,5,0.0,6.0061297,-39.982086,135934870.0,334.81235,65.881169,20.420729,5.9954171,0.0,-2.8884339,-4.4087243,-5.2521862,-5.7324843,-6.0061297
dhdl_modified_9_lambda_6.xvg,0.209,6,0.0,3.1176958,-20.375399,135934880.0,337.70079,68.769603,23.309163,8.8838511,2.8884339,0.0,-1.5202904,-2.3637522,-2.8440504,-3.1176958
dhdl_modified_9_lambda_7.xvg,0.209,7,0.0,1.5974054,-11.092738,135934880.0,339.22108,70.289893,24.829453,10.404141,4.4087243,1.5202904,0.0,-0.84346187,-1.32376,-1.5974054
dhdl_modified_9_lambda_8.xvg,0.209,8,0.0,0.75394356,-6.2679768,135934880.0,340.06454,71.133355,25.672915,11.247603,5.2521862,2.3637522,0.84346187,0.0,-0.48029813,-0.75394356
dhdl_modified_9_lambda_9.xvg,0.209,9,0.0,0.27364543,-3.586401,135934880.0,340.54484,71.613653,26.153213,11.727901,5.7324843,2.8440504,1.32376,0.48029813,0.0,-0.27364543
dhdl_modified_9_lambda_10.xvg,0.209,10,0.0,0.0,-2.020833,135934880.0,340.81848,71.887299,26.426859,12.001547,6.0061297,3.1176958,1.5974054,0.75394356,0.27364543,0.0
dhdl_modified_10_lambda_0.xvg,0.21,0,0.0,26665678000000.0,-1455241800000.0,0.0,-128401830.0,-128402100.0,-128402140.0,-128402160.0,-128402160.0,-128402160.0,-128402170.0,-128402170.0,-128402170.0,-128402170.0
dhdl_modified_10_lambda_1.xvg,0.21,1,0.0,340.78448,-7361.2905,128401830.0,0.0,-268.90032,-314.35796,-328.78266,-334.77788,-337.66624,-339.1865,-340.02994,-340.51023,-340.78387
dhdl_modified_10_lambda_2.xvg,0.21,2,0.0,71.88356,-847.81097,128402100.0,268.90032,0.0,-45.457638,-59.882339,-65.877562,-68.765919,-70.286175,-71.129621,-71.609911,-71.883553
dhdl_modified_10_lambda_3.xvg,0.21,3,0.0,26.425915,-229.25578,128402140.0,314.35796,45.457638,0.0,-14.424701,-20.419924,-23.308281,-24.828538,-25.671984,-26.152274,-26.425915
dhdl_modified_10_lambda_4.xvg,0.21,4,0.0,12.001214,-87.40947,128402160.0,328.78266,59.882339,14.424701,0.0,-5.995223,-8.8835802,-10.403837,-11.247283,-11.727573,-12.001214
dhdl_modified_10_lambda_5.xvg,0.21,5,0.0,6.005991,-39.980934,128402160.0,334.77788,65.877562,20.419924,5.995223,0.0,-2.8883572,-4.4086138,-5.2520598,-5.7323498,-6.005991
dhdl_modified_10_lambda_6.xvg,0.21,6,0.0,3.1176338,-20.374916,128402160.0,337.66624,68.765919,23.308281,8.8835802,2.8883572,0.0,-1.5202566,-2.3637026,-2.8439926,-3.1176338
dhdl_modified_10_lambda_7.xvg,0.21,7,0.0,1.5973772,-11.092513,128402170.0,339.1865,70.286175,24.828538,10.403837,4.4086138,1.5202566,0.0,-0.84344596,-1.323736,-1.5973772
dhdl_modified_10_lambda_8.xvg,0.21,8,0.0,0.75393122,-6.2678642,128402170.0,340.02994,71.129621,25.671984,11.247283,5.2520598,2.3637026,0.84344596,0.0,-0.48029,-0.75393122
dhdl_modified_10_lambda_9.xvg,0.21,9,0.0,0.27364123,-3.5863438,128402170.0,340.51023,71.609911,26.152274,11.727573,5.7323498,2.8439926,1.323736,0.48029,0.0,-0.27364123
dhdl_modified_10_lambda_10.xvg,0.21,10,0.0,0.0,-2.0208027,128402170.0,340.78387,71.883553,26.425915,12.001214,6.005991,3.1176338,1.5973772,0.75393122,0.27364123,0.0
dhdl_modified_11_lambda_0.xvg,0.211,0,0.0,23581013000000.0,-1336515000000.0,0.0,-121318980.0,-121319250.0,-121319290.0,-121319310.0,-121319310.0,-121319320.0,-121319320.0,-121319320.0,-121319320.0,-121319320.0
dhdl_modified_11_lambda_1.xvg,0.211,1,0.0,340.74902,-7360.1787,121318980.0,0.0,-268.86871,-314.32347,-328.74754,-334.74256,-337.63084,-339.15107,-339.99449,-340.47478,-340.74841
dhdl_modified_11_lambda_2.xvg,0.211,2,0.0,71.879715,-847.7475,121319250.0,268.86871,0.0,-45.454767,-59.878836,-65.873858,-68.762137,-70.282359,-71.125789,-71.606071,-71.879707
dhdl_modified_11_lambda_3.xvg,0.211,3,0.0,26.424938,-229.24435,121319290.0,314.32347,45.454767,0.0,-14.424068,-20.419091,-23.30737,-24.827592,-25.671021,-26.151303,-26.42494
dhdl_modified_11_lambda_4.xvg,0.211,4,0.0,12.000871,-87.406227,121319310.0,328.74754,59.878836,14.424068,0.0,-5.9950223,-8.8833017,-10.403524,-11.246953,-11.727235,-12.000872
dhdl_modified_11_lambda_5.xvg,0.211,5,0.0,6.0058494,-39.979763,121319310.0,334.74256,65.873858,20.419091,5.9950223,0.0,-2.8882794,-4.4085015,-5.2519307,-5.7322125,-6.0058494
dhdl_modified_11_lambda_6.xvg,0.211,6,0.0,3.1175699,-20.374416,121319320.0,337.63084,68.762137,23.30737,8.8833017,2.8882794,0.0,-1.5202221,-2.3636512,-2.8439331,-3.1175699
dhdl_modified_11_lambda_7.xvg,0.211,7,0.0,1.5973479,-11.09228,121319320.0,339.15107,70.282359,24.827592,10.403524,4.4085015,1.5202221,0.0,-0.84342915,-1.323711,-1.5973479
dhdl_modified_11_lambda_8.xvg,0.211,8,0.0,0.75391871,-6.2677507,121319320.0,339.99449,71.125789,25.671021,11.246953,5.2519307,2.3636512,0.84342915,0.0,-0.48028189,-0.75391871
dhdl_modified_11_lambda_9.xvg,0.211,9,0.0,0.27363682,-3.5862832,121319320.0,340.47478,71.606071,26.151303,11.727235,5.7322125,2.8439331,1.323711,0.48028189,0.0,-0.27363682
dhdl_modified_11_lambda_10.xvg,0.211,10,0.0,0.0,-2.0207729,121319320.0,340.74841,71.879707,26.42494,12.000872,6.0058494,3.1175699,1.5973479,0.75391871,0.27363682,0.0
dhdl_modified_12_lambda_0.xvg,0.212,0,0.0,20865306000000.0,-1227969100000.0,0.0,-114657620.0,-114657890.0,-114657930.0,-114657950.0,-114657950.0,-114657960.0,-114657960.0,-114657960.0,-114657960.0,-114657960.0
dhdl_modified_12_lambda_1.xvg,0.212,1,0.0,340.71268,-7359.0405,114657620.0,0.0,-268.83631,-314.28812,-328.71154,-334.70636,-337.59456,-339.11475,-339.95816,-340.43843,-340.71207
dhdl_modified_12_lambda_2.xvg,0.212,2,0.0,71.875763,-847.68231,114657890.0,268.83631,0.0,-45.451805,-59.875234,-65.870049,-68.75825,-70.278437,-71.12185,-71.602123,-71.875755
dhdl_modified_12_lambda_3.xvg,0.212,3,0.0,26.42395,-229.2328,114657930.0,314.28812,45.451805,0.0,-14.423429,-20.418243,-23.306445,-24.826632,-25.670044,-26.150318,-26.42395
dhdl_modified_12_lambda_4.xvg,0.212,4,0.0,12.000522,-87.402924,114657950.0,328.71154,59.875234,14.423429,0.0,-5.9948149,-8.8830166,-10.403204,-11.246616,-11.726889,-12.000522
dhdl_modified_12_lambda_5.xvg,0.212,5,0.0,6.0057068,-39.978577,114657950.0,334.70636,65.870049,20.418243,5.9948149,0.0,-2.8882017,-4.4083887,-5.2518011,-5.7320744,-6.0057068
dhdl_modified_12_lambda_6.xvg,0.212,6,0.0,3.1175051,-20.373913,114657960.0,337.59456,68.75825,23.306445,8.8830166,2.8882017,0.0,-1.520187,-2.3635994,-2.8438726,-3.1175051
dhdl_modified_12_lambda_7.xvg,0.212,7,0.0,1.5973181,-11.092046,114657960.0,339.11475,70.278437,24.826632,10.403204,4.4083887,1.520187,0.0,-0.84341234,-1.3236856,-1.5973181
dhdl_modified_12_lambda_8.xvg,0.212,8,0.0,0.75390571,-6.2676334,114657960.0,339.95816,71.12185,25.670044,11.246616,5.2518011,2.3635994,0.84341234,0.0,-0.48027328,-0.75390571
dhdl_modified_12_lambda_9.xvg,0.212,9,0.0,0.27363244,-3.5862238,114657960.0,340.43843,71.602123,26.150318,11.726889,5.7320744,2.8438726,1.3236856,0.48027328,0.0,-0.27363244
dhdl_modified_12_lambda_10.xvg,0.212,10,0.0,0.0,-2.0207415,114657960.0,340.71207,71.875755,26.42395,12.000522,6.0057068,3.1175051,1.5973181,0.75390571,0.27363244,0.0
dhdl_modified_13_lambda_0.xvg,0.213,0,0.0,18472870000000.0,-1128683900000.0,0.0,-108390520.0,-108390780.0,-108390830.0,-108390840.0,-108390850.0,-108390850.0,-108390850.0,-108390860.0,-108390860.0,-108390860.0
dhdl_modified_13_lambda_1.xvg,0.213,1,0.0,340.67563,-7357.8794,108390520.0,0.0,-268.80324,-314.25203,-328.6748,-334.6694,-337.55752,-339.07767,-339.92106,-340.40133,-340.67496
dhdl_modified_13_lambda_2.xvg,0.213,2,0.0,71.871727,-847.61578,108390780.0,268.80324,0.0,-45.448792,-59.871557,-65.866163,-68.754282,-70.274433,-71.117827,-71.598091,-71.871719
dhdl_modified_13_lambda_3.xvg,0.213,3,0.0,26.422928,-229.22087,108390830.0,314.25203,45.448792,0.0,-14.422766,-20.417371,-23.30549,-24.825641,-25.669036,-26.1493,-26.422928
dhdl_modified_13_lambda_4.xvg,0.213,4,0.0,12.000162,-87.399521,108390840.0,328.6748,59.871557,14.422766,0.0,-5.9946055,-8.8827245,-10.402875,-11.24627,-11.726534,-12.000162
dhdl_modified_13_lambda_5.xvg,0.213,5,0.0,6.0055566,-39.977333,108390850.0,334.6694,65.866163,20.417371,5.9946055,0.0,-2.888119,-4.4082699,-5.2516643,-5.7319286,-6.0055566
dhdl_modified_13_lambda_6.xvg,0.213,6,0.0,3.1174376,-20.373386,108390850.0,337.55752,68.754282,23.30549,8.8827245,2.888119,0.0,-1.5201509,-2.3635453,-2.8438097,-3.1174376
dhdl_modified_13_lambda_7.xvg,0.213,7,0.0,1.5972867,-11.091797,108390850.0,339.07767,70.274433,24.825641,10.402875,4.4082699,1.5201509,0.0,-0.8433944,-1.3236588,-1.5972867
dhdl_modified_13_lambda_8.xvg,0.213,8,0.0,0.7538923,-6.2675118,108390860.0,339.92106,71.117827,25.669036,11.24627,5.2516643,2.3635453,0.8433944,0.0,-0.48026437,-0.7538923
dhdl_modified_13_lambda_9.xvg,0.213,9,0.0,0.27362794,-3.5861621,108390860.0,340.40133,71.598091,26.1493,11.726534,5.7319286,2.8438097,1.3236588,0.48026437,0.0,-0.27362794
dhdl_modified_13_lambda_10.xvg,0.213,10,0.0,0.0,-2.02071,108390860.0,340.67496,71.871719,26.422928,12.000162,6.0055566,3.1174376,1.5972867,0.7538923,0.27362794,0.0
dhdl_modified_14_lambda_0.xvg,0.214,0,0.0,16364107000000.0,-1037836900000.0,0.0,-102492980.0,-102493250.0,-102493290.0,-102493310.0,-102493310.0,-102493320.0,-102493320.0,-102493320.0,-102493320.0,-102493320.0
dhdl_modified_14_lambda_1.xvg,0.214,1,0.0,340.6376,-7356.688,102492980.0,0.0,-268.76929,-314.21498,-328.63707,-334.63147,-337.5195,-339.03962,-339.88299,-340.36325,-340.63687
dhdl_modified_14_lambda_2.xvg,0.214,2,0.0,71.867584,-847.54755,102493250.0,268.76929,0.0,-45.44569,-59.86778,-65.862173,-68.750206,-70.27032,-71.113698,-71.593953,-71.867577
dhdl_modified_14_lambda_3.xvg,0.214,3,0.0,26.421886,-229.20871,102493290.0,314.21498,45.44569,0.0,-14.42209,-20.416483,-23.304516,-24.82463,-25.668008,-26.148263,-26.421886
dhdl_modified_14_lambda_4.xvg,0.214,4,0.0,11.999797,-87.396088,102493310.0,328.63707,59.86778,14.42209,0.0,-5.9943933,-8.8824267,-10.402541,-11.245918,-11.726174,-11.999797
dhdl_modified_14_lambda_5.xvg,0.214,5,0.0,6.0054035,-39.97607,102493310.0,334.63147,65.862173,20.416483,5.9943933,0.0,-2.8880334,-4.4081472,-5.2515249,-5.7317802,-6.0054035
dhdl_modified_14_lambda_6.xvg,0.214,6,0.0,3.1173701,-20.372858,102493320.0,337.5195,68.750206,23.304516,8.8824267,2.8880334,0.0,-1.5201138,-2.3634915,-2.8437468,-3.1173701
dhdl_modified_14_lambda_7.xvg,0.214,7,0.0,1.5972563,-11.091555,102493320.0,339.03962,70.27032,24.82463,10.402541,4.4081472,1.5201138,0.0,-0.84337771,-1.323633,-1.5972563
dhdl_modified_14_lambda_8.xvg,0.214,8,0.0,0.75387859,-6.2673874,102493320.0,339.88299,71.113698,25.668008,11.245918,5.2515249,2.3634915,0.84337771,0.0,-0.48025528,-0.75387859
dhdl_modified_14_lambda_9.xvg,0.214,9,0.0,0.27362332,-3.5860991,102493320.0,340.36325,71.593953,26.148263,11.726174,5.7317802,2.8437468,1.323633,0.48025528,0.0,-0.27362332
dhdl_modified_14_lambda_10.xvg,0.214,10,0.0,0.0,-2.0206769,102493320.0,340.63687,71.867577,26.421886,11.999797,6.0054035,3.1173701,1.5972563,0.75387859,0.27362332,0.0
dhdl_modified_15_lambda_0.xvg,0.215,0,0.0,14504169000000.0,-954671370000.0,0.0,-96941323.0,-96941592.0,-96941638.0,-96941652.0,-96941658.0,-96941661.0,-96941662.0,-96941663.0,-96941664.0,-96941664.0
dhdl_modified_15_lambda_1.xvg,0.215,1,0.0,340.59875,-7355.4707,96941323.0,0.0,-268.7346,-314.17717,-328.59858,-334.59275,-337.48069,-339.00077,-339.84413,-340.32437,-340.59799
dhdl_modified_15_lambda_2.xvg,0.215,2,0.0,71.863388,-847.47821,96941592.0,268.7346,0.0,-45.44257,-59.863972,-65.858141,-68.746088,-70.266165,-71.109523,-71.58977,-71.863388
dhdl_modified_15_lambda_3.xvg,0.215,3,0.0,26.420818,-229.19617,96941638.0,314.17717,45.44257,0.0,-14.421402,-20.415572,-23.303519,-24.823595,-25.666954,-26.1472,-26.420818
dhdl_modified_15_lambda_4.xvg,0.215,4,0.0,11.999416,-87.392502,96941652.0,328.59858,59.863972,14.421402,0.0,-5.9941697,-8.8821166,-10.402193,-11.245552,-11.725798,-11.999416
dhdl_modified_15_lambda_5.xvg,0.215,5,0.0,6.0052466,-39.974773,96941658.0,334.59275,65.858141,20.415572,5.9941697,0.0,-2.8879468,-4.4080235,-5.2513819,-5.7316281,-6.0052466
dhdl_modified_15_lambda_6.xvg,0.215,6,0.0,3.1172998,-20.372311,96941661.0,337.48069,68.746088,23.303519,8.8821166,2.8879468,0.0,-1.5200766,-2.3634351,-2.8436813,-3.1172998
dhdl_modified_15_lambda_7.xvg,0.215,7,0.0,1.5972232,-11.091294,96941662.0,339.00077,70.266165,24.823595,10.402193,4.4080235,1.5200766,0.0,-0.84335846,-1.3236047,-1.5972232
dhdl_modified_15_lambda_8.xvg,0.215,8,0.0,0.75386471,-6.2672615,96941663.0,339.84413,71.109523,25.666954,11.245552,5.2513819,2.3634351,0.84335846,0.0,-0.48024622,-0.75386471
dhdl_modified_15_lambda_9.xvg,0.215,9,0.0,0.27361849,-3.5860331,96941664.0,340.32437,71.58977,26.1472,11.725798,5.7316281,2.8436813,1.3236047,0.48024622,0.0,-0.27361849
dhdl_modified_15_lambda_10.xvg,0.215,10,0.0,0.0,-2.0206437,96941664.0,340.59799,71.863388,26.420818,11.999416,6.0052466,3.1172998,1.5972232,0.75386471,0.27361849,0.0
dhdl_modified_16_lambda_0.xvg,0.216,0,0.0,12862836000000.0,-878510800000.0,0.0,-91714083.0,-91714352.0,-91714398.0,-91714412.0,-91714418.0,-91714421.0,-91714422.0,-91714423.0,-91714424.0,-91714424.0
dhdl_modified_16_lambda_1.xvg,0.216,1,0.0,340.55896,-7354.2231,91714083.0,0.0,-268.69913,-314.13844,-328.55913,-334.55308,-337.44094,-338.96098,-339.80432,-340.28455,-340.55817
dhdl_modified_16_lambda_2.xvg,0.216,2,0.0,71.859047,-847.40656,91714352.0,268.69913,0.0,-45.439314,-59.860004,-65.853953,-68.741812,-70.261849,-71.105189,-71.585426,-71.859039
dhdl_modified_16_lambda_3.xvg,0.216,3,0.0,26.419725,-229.18344,91714398.0,314.13844,45.439314,0.0,-14.420691,-20.414639,-23.302498,-24.822535,-25.665875,-26.146112,-26.419725
dhdl_modified_16_lambda_4.xvg,0.216,4,0.0,11.999037,-87.388901,91714412.0,328.55913,59.860004,14.420691,0.0,-5.9939485,-8.8818076,-10.401845,-11.245185,-11.725421,-11.999035
dhdl_modified_16_lambda_5.xvg,0.216,5,0.0,6.0050864,-39.973446,91714418.0,334.55308,65.853953,20.414639,5.9939485,0.0,-2.8878591,-4.4078963,-5.2512361,-5.7314728,-6.0050864
dhdl_modified_16_lambda_6.xvg,0.216,6,0.0,3.1172273,-20.371746,91714421.0,337.44094,68.741812,23.302498,8.8818076,2.8878591,0.0,-1.5200372,-2.363377,-2.8436137,-3.1172273
dhdl_modified_16_lambda_7.xvg,0.216,7,0.0,1.5971901,-11.091033,91714422.0,338.96098,70.261849,24.822535,10.401845,4.4078963,1.5200372,0.0,-0.8433398,-1.3235765,-1.5971901
dhdl_modified_16_lambda_8.xvg,0.216,8,0.0,0.75385034,-6.2671318,91714423.0,339.80432,71.105189,25.665875,11.245185,5.2512361,2.363377,0.8433398,0.0,-0.48023668,-0.75385034
dhdl_modified_16_lambda_9.xvg,0.216,9,0.0,0.27361366,-3.5859673,91714424.0,340.28455,71.585426,26.146112,11.725421,5.7314728,2.8436137,1.3235765,0.48023668,0.0,-0.27361366
dhdl_modified_16_lambda_10.xvg,0.216,10,0.0,0.0,-2.0206094,91714424.0,340.55817,71.859039,26.419725,11.999035,6.0050864,3.1172273,1.5971901,0.75385034,0.27361366,0.0
dhdl_modified_17_lambda_0.xvg,0.217,0,0.0,11413552000000.0,-808735740000.0,0.0,-86790843.0,-86791112.0,-86791158.0,-86791172.0,-86791178.0,-86791181.0,-86791182.0,-86791183.0,-86791184.0,-86791184.0
dhdl_modified_17_lambda_1.xvg,0.217,1,0.0,340.51825,-7352.9478,86790843.0,0.0,-268.66277,-314.09879,-328.51875,-334.51247,-337.40024,-338.92024,-339.76356,-340.24379,-340.5174
dhdl_modified_17_lambda_2.xvg,0.217,2,0.0,71.85463,-847.33374,86791112.0,268.66277,0.0,-45.436018,-59.855981,-65.849698,-68.737468,-70.257465,-71.100786,-71.581013,-71.854622
dhdl_modified_17_lambda_3.xvg,0.217,3,0.0,26.418604,-229.1703,86791158.0,314.09879,45.436018,0.0,-14.419963,-20.41368,-23.30145,-24.821447,-25.664768,-26.144995,-26.418604
dhdl_modified_17_lambda_4.xvg,0.217,4,0.0,11.998641,-87.38517,86791172.0,328.51875,59.855981,14.419963,0.0,-5.9937172,-8.8814874,-10.401484,-11.244805,-11.725032,-11.998641
dhdl_modified_17_lambda_5.xvg,0.217,5,0.0,6.0049238,-39.972095,86791178.0,334.51247,65.849698,20.41368,5.9937172,0.0,-2.8877702,-4.4077672,-5.251088,-5.7313151,-6.0049238
dhdl_modified_17_lambda_6.xvg,0.217,6,0.0,3.1171536,-20.371174,86791181.0,337.40024,68.737468,23.30145,8.8814874,2.8877702,0.0,-1.519997,-2.3633178,-2.8435449,-3.1171536
dhdl_modified_17_lambda_7.xvg,0.217,7,0.0,1.5971566,-11.090767,86791182.0,338.92024,70.257465,24.821447,10.401484,4.4077672,1.519997,0.0,-0.84332079,-1.3235479,-1.5971566
dhdl_modified_17_lambda_8.xvg,0.217,8,0.0,0.75383586,-6.2670002,86791183.0,339.76356,71.100786,25.664768,11.244805,5.251088,2.3633178,0.84332079,0.0,-0.48022714,-0.75383586
dhdl_modified_17_lambda_9.xvg,0.217,9,0.0,0.27360871,-3.5858996,86791184.0,340.24379,71.581013,26.144995,11.725032,5.7313151,2.8435449,1.3235479,0.48022714,0.0,-0.27360871
dhdl_modified_17_lambda_10.xvg,0.217,10,0.0,0.0,-2.0205739,86791184.0,340.5174,71.854622,26.418604,11.998641,6.0049238,3.1171536,1.5971566,0.75383586,0.27360871,0.0
dhdl_modified_18_lambda_0.xvg,0.218,0,0.0,10133062000000.0,-744782630000.0,0.0,-82152484.0,-82152752.0,-82152798.0,-82152812.0,-82152818.0,-82152821.0,-82152822.0,-82152823.0,-82152824.0,-82152824.0
dhdl_modified_18_lambda_1.xvg,0.218,1,0.0,340.47659,-7351.6431,82152484.0,0.0,-268.62562,-314.05825,-328.47747,-334.47095,-337.35863,-338.87859,-339.72189,-340.2021,-340.47571
dhdl_modified_18_lambda_2.xvg,0.218,2,0.0,71.850098,-847.25903,82152752.0,268.62562,0.0,-45.432629,-59.851851,-65.845333,-68.733011,-70.252967,-71.096269,-71.576486,-71.85009
dhdl_modified_18_lambda_3.xvg,0.218,3,0.0,26.417461,-229.15692,82152798.0,314.05825,45.432629,0.0,-14.419222,-20.412704,-23.300382,-24.820339,-25.663641,-26.143858,-26.417461
dhdl_modified_18_lambda_4.xvg,0.218,4,0.0,11.99824,-87.381378,82152812.0,328.47747,59.851851,14.419222,0.0,-5.9934826,-8.8811603,-10.401117,-11.244419,-11.724636,-11.99824
dhdl_modified_18_lambda_5.xvg,0.218,5,0.0,6.0047569,-39.970715,82152818.0,334.47095,65.845333,20.412704,5.9934826,0.0,-2.8876777,-4.4076344,-5.2509361,-5.7311533,-6.0047569
dhdl_modified_18_lambda_6.xvg,0.218,6,0.0,3.1170793,-20.370594,82152821.0,337.35863,68.733011,23.300382,8.8811603,2.8876777,0.0,-1.5199567,-2.3632584,-2.8434756,-3.1170793
dhdl_modified_18_lambda_7.xvg,0.218,7,0.0,1.5971226,-11.090496,82152822.0,338.87859,70.252967,24.820339,10.401117,4.4076344,1.5199567,0.0,-0.84330171,-1.3235189,-1.5971226
dhdl_modified_18_lambda_8.xvg,0.218,8,0.0,0.75382084,-6.2668638,82152823.0,339.72189,71.096269,25.663641,11.244419,5.2509361,2.3632584,0.84330171,0.0,-0.48021722,-0.75382084
dhdl_modified_18_lambda_9.xvg,0.218,9,0.0,0.27360362,-3.5858302,82152824.0,340.2021,71.576486,26.143858,11.724636,5.7311533,2.8434756,1.3235189,0.48021722,0.0,-0.27360362
dhdl_modified_18_lambda_10.xvg,0.218,10,0.0,0.0,-2.0205383,82152824.0,340.47571,71.85009,26.417461,11.99824,6.0047569,3.1170793,1.5971226,0.75382084,0.27360362,0.0
dhdl_modified_19_lambda_0.xvg,0.219,0,0.0,9001142100000.0,-686145990000.0,0.0,-77781596.0,-77781864.0,-77781910.0,-77781924.0,-77781930.0,-77781933.0,-77781934.0,-77781935.0,-77781936.0,-77781936.0
dhdl_modified_19_lambda_1.xvg,0.219,1,0.0,340.43408,-7350.3115,77781596.0,0.0,-268.58772,-314.01688,-328.43534,-334.42858,-337.31616,-338.83608,-339.67936,-340.15957,-340.43317
dhdl_modified_19_lambda_2.xvg,0.219,2,0.0,71.845459,-847.1825,77781864.0,268.58772,0.0,-45.429165,-59.847624,-65.840865,-68.728449,-70.248364,-71.091646,-71.571853,-71.845451
dhdl_modified_19_lambda_3.xvg,0.219,3,0.0,26.416286,-229.14323,77781910.0,314.01688,45.429165,0.0,-14.418459,-20.4117,-23.299284,-24.819199,-25.662481,-26.142688,-26.416286
dhdl_modified_19_lambda_4.xvg,0.219,4,0.0,11.997828,-87.377495,77781924.0,328.43534,59.847624,14.418459,0.0,-5.9932408,-8.8808253,-10.40074,-11.244022,-11.724229,-11.997828
dhdl_modified_19_lambda_5.xvg,0.219,5,0.0,6.0045867,-39.969303,77781930.0,334.42858,65.840865,20.4117,5.9932408,0.0,-2.8875844,-4.4074994,-5.2507811,-5.7309882,-6.0045867
dhdl_modified_19_lambda_6.xvg,0.219,6,0.0,3.1170022,-20.369993,77781933.0,337.31616,68.728449,23.299284,8.8808253,2.8875844,0.0,-1.519915,-2.3631967,-2.8434038,-3.1170022
dhdl_modified_19_lambda_7.xvg,0.219,7,0.0,1.5970873,-11.090218,77781934.0,338.83608,70.248364,24.819199,10.40074,4.4074994,1.519915,0.0,-0.84328169,-1.3234888,-1.5970873
dhdl_modified_19_lambda_8.xvg,0.219,8,0.0,0.75380558,-6.2667255,77781935.0,339.67936,71.091646,25.662481,11.244022,5.2507811,2.3631967,0.84328169,0.0,-0.48020712,-0.75380558
dhdl_modified_19_lambda_9.xvg,0.219,9,0.0,0.27359846,-3.5857596,77781936.0,340.15957,71.571853,26.142688,11.724229,5.7309882,2.8434038,1.3234888,0.48020712,0.0,-0.27359846
dhdl_modified_19_lambda_10.xvg,0.219,10,0.0,0.0,-2.0205021,77781936.0,340.43317,71.845451,26.416286,11.997828,6.0045867,3.1170022,1.5970873,0.75380558,0.27359846,0.0
dhdl_modified_20_lambda_0.xvg,0.22,0,0.0,7999925500000.0,-632359160000.0,0.0,-73661364.0,-73661632.0,-73661678.0,-73661692.0,-73661698.0,-73661701.0,-73661702.0,-73661703.0,-73661704.0,-73661704.0
dhdl_modified_20_lambda_1.xvg,0.22,1,0.0,340.39047,-7348.9443,73661364.0,0.0,-268.54877,-313.9744,-328.39209,-334.38508,-337.27257,-338.79244,-339.63571,-340.1159,-340.3895
dhdl_modified_20_lambda_2.xvg,0.22,2,0.0,71.840736,-847.10443,73661632.0,268.54877,0.0,-45.425629,-59.843315,-65.836309,-68.723798,-70.24367,-71.086931,-71.567128,-71.840721
dhdl_modified_20_lambda_3.xvg,0.22,3,0.0,26.415091,-229.12921,73661678.0,313.9744,45.425629,0.0,-14.417686,-20.410681,-23.29817,-24.818041,-25.661302,-26.141499,-26.415092
dhdl_modified_20_lambda_4.xvg,0.22,4,0.0,11.997405,-87.373505,73661692.0,328.39209,59.843315,14.417686,0.0,-5.9929943,-8.8804832,-10.400355,-11.243616,-11.723813,-11.997406
dhdl_modified_20_lambda_5.xvg,0.22,5,0.0,6.0044117,-39.967854,73661698.0,334.38508,65.836309,20.410681,5.9929943,0.0,-2.8874888,-4.4073603,-5.2506216,-5.7308186,-6.0044117
