XVG Filename,Distance (nm),Lambda State,Time (ps),Total Energy (kJ/mol),dH/dλ vdw-lambda = 0.0000,ΔH λ to 0.0000,ΔH λ to 0.1000,ΔH λ to 0.2000,ΔH λ to 0.3000,ΔH λ to 0.4000,ΔH λ to 0.5000,ΔH λ to 0.6000,ΔH λ to 0.7000,ΔH λ to 0.8000,ΔH λ to 0.9000,ΔH λ to 1.0000
dhdl_modified_0_lambda_0.xvg,0.2,0,0.0,94233940000000.0,-3487267000000.0,0.0,-229941800.0,-229942070.0,-229942120.0,-229942130.0,-229942140.0,-229942140.0,-229942140.0,-229942140.0,-229942140.0,-229942140.0
dhdl_modified_0_lambda_1.xvg,0.2,1,0.0,341.07617,-7371.0293,229941800.0,0.0,-269.17593,-314.65665,-329.0847,-335.0795,-337.96636,-339.48473,-340.32614,-340.80431,-341.07581
dhdl_modified_0_lambda_2.xvg,0.2,2,0.0,71.899879,-848.34705,229942070.0,269.17593,0.0,-45.480715,-59.908766,-65.903564,-68.790422,-70.308796,-71.150202,-71.628379,-71.899872
dhdl_modified_0_lambda_3.xvg,0.2,3,0.0,26.419157,-229.33388,229942120.0,314.65665,45.480715,0.0,-14.428051,-20.422849,-23.309707,-24.828081,-25.669487,-26.147664,-26.419157
dhdl_modified_0_lambda_4.xvg,0.2,4,0.0,11.991106,-87.416008,229942130.0,329.0847,59.908766,14.428051,0.0,-5.9947982,-8.8816562,-10.40003,-11.241436,-11.719613,-11.991106
dhdl_modified_0_lambda_5.xvg,0.2,5,0.0,5.9963078,-39.969414,229942140.0,335.0795,65.903564,20.422849,5.9947982,0.0,-2.886858,-4.405232,-5.2466376,-5.724815,-5.9963078
dhdl_modified_0_lambda_6.xvg,0.2,6,0.0,3.1094499,-20.357424,229942140.0,337.96636,68.790422,23.309707,8.8816562,2.886858,0.0,-1.518374,-2.3597797,-2.837957,-3.1094499
dhdl_modified_0_lambda_7.xvg,0.2,7,0.0,1.5910759,-11.072689,229942140.0,339.48473,70.308796,24.828081,10.40003,4.405232,1.518374,0.0,-0.84140569,-1.319583,-1.5910759
dhdl_modified_0_lambda_8.xvg,0.2,8,0.0,0.74967021,-6.2470112,229942140.0,340.32614,71.150202,25.669487,11.241436,5.2466376,2.3597797,0.84140569,0.0,-0.47817734,-0.74967021
dhdl_modified_0_lambda_9.xvg,0.2,9,0.0,0.27149287,-3.5649986,229942140.0,340.80431,71.628379,26.147664,11.719613,5.724815,2.837957,1.319583,0.47817734,0.0,-0.27149287
dhdl_modified_0_lambda_10.xvg,0.2,10,0.0,0.0,-1.9992089,229942140.0,341.07581,71.899872,26.419157,11.991106,5.9963078,3.1094499,1.5910759,0.74967021,0.27149287,0.0
dhdl_modified_1_lambda_0.xvg,1.2,0,0.0,82826515000000.0,-3189265100000.0,0.0,-216647530.0,-216647800.0,-216647850.0,-216647860.0,-216647870.0,-216647870.0,-216647870.0,-216647870.0,-216647870.0,-216647870.0
dhdl_modified_1_lambda_1.xvg,1.2,1,0.0,341.04831,-7370.1562,216647530.0,0.0,-269.15105,-314.62952,-329.05708,-335.05172,-337.93851,-339.45686,-340.29825,-340.77642,-341.04791
dhdl_modified_1_lambda_2.xvg,1.2,2,0.0,71.896866,-848.29736,216647800.0,269.15105,0.0,-45.478464,-59.906022,-65.900661,-68.787459,-70.305806,-71.147198,-71.625369,-71.896858
dhdl_modified_1_lambda_3.xvg,1.2,3,0.0,26.418394,-229.32492,216647850.0,314.62952,45.478464,0.0,-14.427558,-20.422197,-23.308995,-24.827341,-25.668734,-26.146905,-26.418394
dhdl_modified_1_lambda_4.xvg,1.2,4,0.0,11.990836,-87.41346,216647860.0,329.05708,59.906022,14.427558,0.0,-5.9946394,-8.8814368,-10.399783,-11.241176,-11.719347,-11.990836
dhdl_modified_1_lambda_5.xvg,1.2,5,0.0,5.9961967,-39.968491,216647870.0,335.05172,65.900661,20.422197,5.9946394,0.0,-2.8867974,-4.4051441,-5.2465364,-5.7247072,-5.9961967
dhdl_modified_1_lambda_6.xvg,1.2,6,0.0,3.1093993,-20.357031,216647870.0,337.93851,68.787459,23.308995,8.8814368,2.8867974,0.0,-1.5183467,-2.359739,-2.8379098,-3.1093993
dhdl_modified_1_lambda_7.xvg,1.2,7,0.0,1.5910527,-11.072506,216647870.0,339.45686,70.305806,24.827341,10.399783,4.4051441,1.5183467,0.0,-0.84139234,-1.3195631,-1.5910527
dhdl_modified_1_lambda_8.xvg,1.2,8,0.0,0.74966031,-6.246922,216647870.0,340.29825,71.147198,25.668734,11.241176,5.2465364,2.359739,0.84139234,0.0,-0.47817078,-0.74966031
dhdl_modified_1_lambda_9.xvg,1.2,9,0.0,0.27148953,-3.5649529,216647870.0,340.77642,71.625369,26.146905,11.719347,5.7247072,2.8379098,1.3195631,0.47817078,0.0,-0.27148953
dhdl_modified_1_lambda_10.xvg,1.2,10,0.0,0.0,-1.9991846,216647870.0,341.04791,71.896858,26.418394,11.990836,5.9961967,3.1093993,1.5910527,0.74966031,0.27148953,0.0
dhdl_modified_2_lambda_0.xvg,2.2,0,0.0,72845992000000.0,-2918005100000.0,0.0,-204181370.0,-204181640.0,-204181690.0,-204181700.0,-204181710.0,-204181710.0,-204181710.0,-204181710.0,-204181710.0,-204181710.0
dhdl_modified_2_lambda_1.xvg,2.2,1,0.0,341.01978,-7369.2607,204181370.0,0.0,-269.1256,-314.60174,-329.02879,-335.02326,-337.91,-339.42832,-340.2697,-340.74786,-341.01935
dhdl_modified_2_lambda_2.xvg,2.2,2,0.0,71.893753,-848.24591,204181640.0,269.1256,0.0,-45.476137,-59.903184,-65.897662,-68.784396,-70.302716,-71.144095,-71.622259,-71.893745
dhdl_modified_2_lambda_3.xvg,2.2,3,0.0,26.417608,-229.31575,204181690.0,314.60174,45.476137,0.0,-14.427047,-20.421525,-23.308259,-24.826579,-25.667958,-26.146122,-26.417608
dhdl_modified_2_lambda_4.xvg,2.2,4,0.0,11.990561,-87.410866,204181700.0,329.02879,59.903184,14.427047,0.0,-5.9944782,-8.881212,-10.399532,-11.240911,-11.719075,-11.990561
dhdl_modified_2_lambda_5.xvg,2.2,5,0.0,5.9960833,-39.967552,204181710.0,335.02326,65.897662,20.421525,5.9944782,0.0,-2.8867338,-4.405054,-5.246433,-5.7245972,-5.9960833
dhdl_modified_2_lambda_6.xvg,2.2,6,0.0,3.1093495,-20.356642,204181710.0,337.91,68.784396,23.308259,8.881212,2.8867338,0.0,-1.5183202,-2.3596992,-2.8378635,-3.1093495
dhdl_modified_2_lambda_7.xvg,2.2,7,0.0,1.5910293,-11.07232,204181710.0,339.42832,70.302716,24.826579,10.399532,4.405054,1.5183202,0.0,-0.84137905,-1.3195433,-1.5910293
dhdl_modified_2_lambda_8.xvg,2.2,8,0.0,0.74965024,-6.2468309,204181710.0,340.2697,71.144095,25.667958,11.240911,5.246433,2.3596992,0.84137905,0.0,-0.47816423,-0.74965024
dhdl_modified_2_lambda_9.xvg,2.2,9,0.0,0.27148601,-3.5649047,204181710.0,340.74786,71.622259,26.146122,11.719075,5.7245972,2.8378635,1.3195433,0.47816423,0.0,-0.27148601
dhdl_modified_2_lambda_10.xvg,2.2,10,0.0,0.0,-1.9991603,204181710.0,341.01935,71.893745,26.417608,11.990561,5.9960833,3.1093495,1.5910293,0.74965024,0.27148601,0.0
dhdl_modified_3_lambda_0.xvg,3.2,0,0.0,64108901000000.0,-2670992800000.0,0.0,-192489020.0,-192489290.0,-192489330.0,-192489350.0,-192489350.0,-192489360.0,-192489360.0,-192489360.0,-192489360.0,-192489360.0
dhdl_modified_3_lambda_1.xvg,3.2,1,0.0,340.99051,-7368.3438,192489020.0,0.0,-269.09949,-314.57328,-328.99981,-334.99412,-337.88079,-339.39908,-340.24044,-340.7186,-340.99008
dhdl_modified_3_lambda_2.xvg,3.2,2,0.0,71.890594,-848.19379,192489290.0,269.09949,0.0,-45.473782,-59.900311,-65.894621,-68.781291,-70.299582,-71.140947,-71.619104,-71.890587
dhdl_modified_3_lambda_3.xvg,3.2,3,0.0,26.416805,-229.30634,192489330.0,314.57328,45.473782,0.0,-14.426529,-20.420839,-23.307509,-24.8258,-25.667166,-26.145323,-26.416805
dhdl_modified_3_lambda_4.xvg,3.2,4,0.0,11.990276,-87.408188,192489350.0,328.99981,59.900311,14.426529,0.0,-5.9943104,-8.88098,-10.399271,-11.240637,-11.718794,-11.990276
dhdl_modified_3_lambda_5.xvg,3.2,5,0.0,5.995966,-39.966579,192489350.0,334.99412,65.894621,20.420839,5.9943104,0.0,-2.8866696,-4.404961,-5.2463263,-5.7244835,-5.995966
dhdl_modified_3_lambda_6.xvg,3.2,6,0.0,3.1092963,-20.356228,192489360.0,337.88079,68.781291,23.307509,8.88098,2.8866696,0.0,-1.5182914,-2.3596566,-2.8378139,-3.1092963
dhdl_modified_3_lambda_7.xvg,3.2,7,0.0,1.591005,-11.072128,192489360.0,339.39908,70.299582,24.8258,10.399271,4.404961,1.5182914,0.0,-0.84136528,-1.3195225,-1.591005
dhdl_modified_3_lambda_8.xvg,3.2,8,0.0,0.74963969,-6.2467351,192489360.0,340.24044,71.140947,25.667166,11.240637,5.2463263,2.3596566,0.84136528,0.0,-0.47815722,-0.74963969
dhdl_modified_3_lambda_9.xvg,3.2,9,0.0,0.27148247,-3.5648563,192489360.0,340.7186,71.619104,26.145323,11.718794,5.7244835,2.8378139,1.3195225,0.47815722,0.0,-0.27148247
dhdl_modified_3_lambda_10.xvg,3.2,10,0.0,0.0,-1.9991353,192489360.0,340.99008,71.890587,26.416805,11.990276,5.995966,3.1092963,1.591005,0.74963969,0.27148247,0.0
dhdl_modified_4_lambda_0.xvg,4.2,0,0.0,56454799000000.0,-2445943000000.0,0.0,-181518320.0,-181518580.0,-181518630.0,-181518640.0,-181518650.0,-181518650.0,-181518650.0,-181518660.0,-181518660.0,-181518660.0
dhdl_modified_4_lambda_1.xvg,4.2,1,0.0,340.96066,-7367.4058,181518320.0,0.0,-269.07288,-314.54422,-328.97022,-334.96436,-337.85096,-339.36922,-340.21058,-340.68873,-340.96021
dhdl_modified_4_lambda_2.xvg,4.2,2,0.0,71.887329,-848.14001,181518580.0,269.07288,0.0,-45.471334,-59.897335,-65.891476,-68.778079,-70.296341,-71.137693,-71.615843,-71.887321
dhdl_modified_4_lambda_3.xvg,4.2,3,0.0,26.415987,-229.29675,181518630.0,314.54422,45.471334,0.0,-14.426001,-20.420141,-23.306745,-24.825007,-25.666358,-26.144508,-26.415987
dhdl_modified_4_lambda_4.xvg,4.2,4,0.0,11.989986,-87.405441,181518640.0,328.97022,59.897335,14.426001,0.0,-5.9941406,-8.880744,-10.399006,-11.240358,-11.718508,-11.989986
dhdl_modified_4_lambda_5.xvg,4.2,5,0.0,5.9958458,-39.965588,181518650.0,334.96436,65.891476,20.420141,5.9941406,0.0,-2.8866034,-4.4048654,-5.2462169,-5.724367,-5.9958458
dhdl_modified_4_lambda_6.xvg,4.2,6,0.0,3.1092424,-20.355806,181518650.0,337.85096,68.778079,23.306745,8.880744,2.8866034,0.0,-1.518262,-2.3596135,-2.8377636,-3.1092424
dhdl_modified_4_lambda_7.xvg,4.2,7,0.0,1.5909804,-11.071934,181518650.0,339.36922,70.296341,24.825007,10.399006,4.4048654,1.518262,0.0,-0.84135151,-1.3195016,-1.5909804
dhdl_modified_4_lambda_8.xvg,4.2,8,0.0,0.7496289,-6.2466373,181518660.0,340.21058,71.137693,25.666358,11.240358,5.2462169,2.3596135,0.84135151,0.0,-0.47815007,-0.7496289
dhdl_modified_4_lambda_9.xvg,4.2,9,0.0,0.27147883,-3.5648067,181518660.0,340.68873,71.615843,26.144508,11.718508,5.724367,2.8377636,1.3195016,0.47815007,0.0,-0.27147883
dhdl_modified_4_lambda_10.xvg,4.2,10,0.0,0.0,-1.9991095,181518660.0,340.96021,71.887321,26.415987,11.989986,5.9958458,3.1092424,1.5909804,0.7496289,0.27147883,0.0
dhdl_modified_5_lambda_0.xvg,5.2,0,0.0,49745398000000.0,-2240817700000.0,0.0,-171221870.0,-171222140.0,-171222180.0,-171222200.0,-171222200.0,-171222200.0,-171222210.0,-171222210.0,-171222210.0,-171222210.0
dhdl_modified_5_lambda_1.xvg,5.2,1,0.0,340.92981,-7366.4409,171221870.0,0.0,-269.04533,-314.51418,-328.93963,-334.9336,-337.82013,-339.33837,-340.1797,-340.65785,-340.92932
dhdl_modified_5_lambda_2.xvg,5.2,2,0.0,71.883995,-848.08484,171222140.0,269.04533,0.0,-45.468843,-59.894295,-65.888265,-68.7748,-70.293032,-71.134369,-71.612512,-71.883987
dhdl_modified_5_lambda_3.xvg,5.2,3,0.0,26.415144,-229.28691,171222180.0,314.51418,45.468843,0.0,-14.425451,-20.419421,-23.305957,-24.824189,-25.665526,-26.143669,-26.415144
dhdl_modified_5_lambda_4.xvg,5.2,4,0.0,11.989693,-87.402664,171222200.0,328.93963,59.894295,14.425451,0.0,-5.9939699,-8.8805053,-10.398738,-11.240075,-11.718218,-11.989693
dhdl_modified_5_lambda_5.xvg,5.2,5,0.0,5.9957228,-39.964565,171222200.0,334.9336,65.888265,20.419421,5.9939699,0.0,-2.8865354,-4.4047678,-5.2461048,-5.7242477,-5.9957228
dhdl_modified_5_lambda_6.xvg,5.2,6,0.0,3.1091874,-20.355379,171222200.0,337.82013,68.7748,23.305957,8.8805053,2.8865354,0.0,-1.5182323,-2.3595694,-2.8377123,-3.1091874
dhdl_modified_5_lambda_7.xvg,5.2,7,0.0,1.590955,-11.071732,171222210.0,339.33837,70.293032,24.824189,10.398738,4.4047678,1.5182323,0.0,-0.84133703,-1.31948,-1.590955
dhdl_modified_5_lambda_8.xvg,5.2,8,0.0,0.74961799,-6.2465386,171222210.0,340.1797,71.134369,25.665526,11.240075,5.2461048,2.3595694,0.84133703,0.0,-0.47814295,-0.74961799
dhdl_modified_5_lambda_9.xvg,5.2,9,0.0,0.27147505,-3.5647552,171222210.0,340.65785,71.612512,26.143669,11.718218,5.7242477,2.8377123,1.31948,0.47814295,0.0,-0.27147505
dhdl_modified_5_lambda_10.xvg,5.2,10,0.0,0.0,-1.999083,171222210.0,340.92932,71.883987,26.415144,11.989693,5.9957228,3.1091874,1.590955,0.74961799,0.27147505,0.0
dhdl_modified_6_lambda_0.xvg,6.2,0,0.0,43860139000000.0,-2053762100000.0,0.0,-161554960.0,-161555220.0,-161555270.0,-161555280.0,-161555290.0,-161555290.0,-161555290.0,-161555300.0,-161555300.0,-161555300.0
dhdl_modified_6_lambda_1.xvg,6.2,1,0.0,340.89838,-7365.4546,161554960.0,0.0,-269.01728,-314.48358,-328.90847,-334.90226,-337.78873,-339.30693,-340.14825,-340.62639,-340.89786
dhdl_modified_6_lambda_2.xvg,6.2,2,0.0,71.880585,-848.02863,161555220.0,269.01728,0.0,-45.466299,-59.89119,-65.884981,-68.771448,-70.289648,-71.13097,-71.609106,-71.880577
dhdl_modified_6_lambda_3.xvg,6.2,3,0.0,26.414278,-229.27678,161555270.0,314.48358,45.466299,0.0,-14.424891,-20.418682,-23.305149,-24.823349,-25.664671,-26.142807,-26.414278
dhdl_modified_6_lambda_4.xvg,6.2,4,0.0,11.989388,-87.39978,161555280.0,328.90847,59.89119,14.424891,0.0,-5.9937916,-8.8802581,-10.398459,-11.239781,-11.717916,-11.989388
dhdl_modified_6_lambda_5.xvg,6.2,5,0.0,5.9955959,-39.963512,161555290.0,334.90226,65.884981,20.418682,5.9937916,0.0,-2.8864665,-4.4046671,-5.2459892,-5.7241246,-5.9955959
dhdl_modified_6_lambda_6.xvg,6.2,6,0.0,3.1091294,-20.354927,161555290.0,337.78873,68.771448,23.305149,8.8802581,2.8864665,0.0,-1.5182006,-2.3595227,-2.8376581,-3.1091294
dhdl_modified_6_lambda_7.xvg,6.2,7,0.0,1.5909288,-11.071525,161555290.0,339.30693,70.289648,24.823349,10.398459,4.4046671,1.5182006,0.0,-0.84132206,-1.3194575,-1.5909288
dhdl_modified_6_lambda_8.xvg,6.2,8,0.0,0.74960673,-6.2464361,161555300.0,340.14825,71.13097,25.664671,11.239781,5.2459892,2.3595227,0.84132206,0.0,-0.47813544,-0.74960673
dhdl_modified_6_lambda_9.xvg,6.2,9,0.0,0.27147129,-3.5647039,161555300.0,340.62639,71.609106,26.142807,11.717916,5.7241246,2.8376581,1.3194575,0.47813544,0.0,-0.27147129
dhdl_modified_6_lambda_10.xvg,6.2,10,0.0,0.0,-1.9990559,161555300.0,340.89786,71.880577,26.414278,11.989388,5.9955959,3.1091294,1.5909288,0.74960673,0.27147129,0.0
dhdl_modified_7_lambda_0.xvg,7.2,0,0.0,38694740000000.0,-1883116900000.0,0.0,-152476760.0,-152477030.0,-152477080.0,-152477090.0,-152477100.0,-152477100.0,-152477100.0,-152477100.0,-152477100.0,-152477100.0
dhdl_modified_7_lambda_1.xvg,7.2,1,0.0,340.86615,-7364.4453,152476760.0,0.0,-268.98856,-314.45224,-328.87656,-334.87016,-337.75656,-339.27473,-340.11604,-340.59416,-340.86563
dhdl_modified_7_lambda_2.xvg,7.2,2,0.0,71.877083,-847.97083,152477030.0,268.98856,0.0,-45.463686,-59.888,-65.881608,-68.768003,-70.286173,-71.12748,-71.605608,-71.877075
dhdl_modified_7_lambda_3.xvg,7.2,3,0.0,26.413389,-229.26642,152477080.0,314.45224,45.463686,0.0,-14.424314,-20.417922,-23.304317,-24.822487,-25.663794,-26.141922,-26.413389
dhdl_modified_7_lambda_4.xvg,7.2,4,0.0,11.989075,-87.396835,152477090.0,328.87656,59.888,14.424314,0.0,-5.9936075,-8.8800027,-10.398172,-11.239479,-11.717607,-11.989075
dhdl_modified_7_lambda_5.xvg,7.2,5,0.0,5.9954672,-39.962448,152477100.0,334.87016,65.881608,20.417922,5.9936075,0.0,-2.8863952,-4.4045647,-5.2458719,-5.7239998,-5.9954672
dhdl_modified_7_lambda_6.xvg,7.2,6,0.0,3.109072,-20.354481,152477100.0,337.75656,68.768003,23.304317,8.8800027,2.8863952,0.0,-1.5181695,-2.3594767,-2.8376046,-3.109072
dhdl_modified_7_lambda_7.xvg,7.2,7,0.0,1.5909024,-11.071316,152477100.0,339.27473,70.286173,24.822487,10.398172,4.4045647,1.5181695,0.0,-0.84130716,-1.3194351,-1.5909024
dhdl_modified_7_lambda_8.xvg,7.2,8,0.0,0.74959528,-6.2463331,152477100.0,340.11604,71.12748,25.663794,11.239479,5.2458719,2.3594767,0.84130716,0.0,-0.47812793,-0.74959528
dhdl_modified_7_lambda_9.xvg,7.2,9,0.0,0.27146736,-3.5646498,152477100.0,340.59416,71.605608,26.141922,11.717607,5.7239998,2.8376046,1.3194351,0.47812793,0.0,-0.27146736
dhdl_modified_7_lambda_10.xvg,7.2,10,0.0,0.0,-1.9990283,152477100.0,340.86563,71.877075,26.413389,11.989075,5.9954672,3.109072,1.5909024,0.74959528,0.27146736,0.0
dhdl_modified_8_lambda_0.xvg,8.2,0,0.0,34158238000000.0,-1727370100000.0,0.0,-143948670.0,-143948940.0,-143948980.0,-143949000.0,-143949000.0,-143949000.0,-143949010.0,-143949010.0,-143949010.0,-143949010.0
dhdl_modified_8_lambda_1.xvg,8.2,1,0.0,340.83319,-7363.4116,143948670.0,0.0,-268.95914,-314.42015,-328.84389,-334.83731,-337.72363,-339.24177,-340.08306,-340.56118,-340.83264
dhdl_modified_8_lambda_2.xvg,8.2,2,0.0,71.873505,-847.9118,143948940.0,268.95914,0.0,-45.461004,-59.884741,-65.878163,-68.764484,-70.282622,-71.123914,-71.602034,-71.873497
dhdl_modified_8_lambda_3.xvg,8.2,3,0.0,26.412493,-229.25591,143948980.0,314.42015,45.461004,0.0,-14.423737,-20.417159,-23.30348,-24.821618,-25.66291,-26.141029,-26.412493
dhdl_modified_8_lambda_4.xvg,8.2,4,0.0,11.988756,-87.393837,143949000.0,328.84389,59.884741,14.423737,0.0,-5.9934225,-8.8797433,-10.397881,-11.239173,-11.717293,-11.988756
dhdl_modified_8_lambda_5.xvg,8.2,5,0.0,5.9953337,-39.961342,143949000.0,334.83731,65.878163,20.417159,5.9934225,0.0,-2.8863208,-4.4044589,-5.2457504,-5.7238704,-5.9953337
dhdl_modified_8_lambda_6.xvg,8.2,6,0.0,3.1090128,-20.354017,143949000.0,337.72363,68.764484,23.30348,8.8797433,2.8863208,0.0,-1.5181381,-2.3594296,-2.8375495,-3.1090128
dhdl_modified_8_lambda_7.xvg,8.2,7,0.0,1.5908748,-11.071096,143949010.0,339.24177,70.282622,24.821618,10.397881,4.4044589,1.5181381,0.0,-0.84129155,-1.3194115,-1.5908748
dhdl_modified_8_lambda_8.xvg,8.2,8,0.0,0.74958324,-6.2462234,143949010.0,340.08306,71.123914,25.66291,11.239173,5.2457504,2.3594296,0.84129155,0.0,-0.47811994,-0.74958324
dhdl_modified_8_lambda_9.xvg,8.2,9,0.0,0.2714633,-3.564595,143949010.0,340.56118,71.602034,26.141029,11.717293,5.7238704,2.8375495,1.3194115,0.47811994,0.0,-0.2714633
dhdl_modified_8_lambda_10.xvg,8.2,10,0.0,0.0,-1.9990001,143949010.0,340.83264,71.873497,26.412493,11.988756,5.9953337,3.1090128,1.5908748,0.74958324,0.2714633,0.0
dhdl_modified_9_lambda_0.xvg,9.2,0,0.0,30171363000000.0,-1585151700000.0,0.0,-135934540.0,-135934810.0,-135934850.0,-135934870.0,-135934870.0,-135934880.0,-135934880.0,-135934880.0,-135934880.0,-135934880.0
dhdl_modified_9_lambda_1.xvg,9.2,1,0.0,340.79938,-7362.353,135934540.0,0.0,-268.92899,-314.38724,-328.81037,-334.8036,-337.68985,-339.20795,-340.04923,-340.52734,-340.7988
dhdl_modified_9_lambda_2.xvg,9.2,2,0.0,71.86982,-847.85107,135934810.0,268.92899,0.0,-45.458254,-59.881382,-65.874614,-68.760861,-70.278965,-71.120241,-71.598353,-71.869812
dhdl_modified_9_lambda_3.xvg,9.2,3,0.0,26.411558,-229.24496,135934850.0,314.38724,45.458254,0.0,-14.423128,-20.41636,-23.302607,-24.820711,-25.661987,-26.140099,-26.411558
dhdl_modified_9_lambda_4.xvg,9.2,4,0.0,11.98843,-87.390732,135934870.0,328.81037,59.881382,14.423128,0.0,-5.9932318,-8.8794789,-10.397583,-11.238859,-11.716971,-11.98843
dhdl_modified_9_lambda_5.xvg,9.2,5,0.0,5.9951982,-39.96022,135934870.0,334.8036,65.874614,20.41636,5.9932318,0.0,-2.8862472,-4.4043514,-5.245627,-5.723739,-5.9951982
dhdl_modified_9_lambda_6.xvg,9.2,6,0.0,3.1089511,-20.353537,135934880.0,337.68985,68.760861,23.302607,8.8794789,2.8862472,0.0,-1.5181042,-2.3593799,-2.8374919,-3.1089511
dhdl_modified_9_lambda_7.xvg,9.2,7,0.0,1.5908469,-11.070876,135934880.0,339.20795,70.278965,24.820711,10.397583,4.4043514,1.5181042,0.0,-0.84127569,-1.3193877,-1.5908469
dhdl_modified_9_lambda_8.xvg,9.2,8,0.0,0.7495712,-6.2461147,135934880.0,340.04923,71.120241,25.661987,11.238859,5.245627,2.3593799,0.84127569,0.0,-0.47811198,-0.7495712
dhdl_modified_9_lambda_9.xvg,9.2,9,0.0,0.27145922,-3.564539,135934880.0,340.52734,71.598353,26.140099,11.716971,5.723739,2.8374919,1.3193877,0.47811198,0.0,-0.27145922
dhdl_modified_9_lambda_10.xvg,9.2,10,0.0,0.0,-1.9989711,135934880.0,340.7988,71.869812,26.411558,11.98843,5.9951982,3.1089511,1.5908469,0.7495712,0.27145922,0.0
dhdl_modified_10_lambda_0.xvg,10.2,0,0.0,26665678000000.0,-1455241800000.0,0.0,-128401830.0,-128402100.0,-128402140.0,-128402160.0,-128402160.0,-128402160.0,-128402170.0,-128402170.0,-128402170.0,-128402170.0
dhdl_modified_10_lambda_1.xvg,10.2,1,0.0,340.7648,-7361.2686,128401830.0,0.0,-268.89812,-314.35358,-328.77609,-334.76913,-337.6553,-339.17337,-340.01463,-340.49274,-340.76419
dhdl_modified_10_lambda_2.xvg,10.2,2,0.0,71.866074,-847.78912,128402100.0,268.89812,0.0,-45.455454,-59.877969,-65.871006,-68.757177,-70.275247,-71.116507,-71.594611,-71.866066
dhdl_modified_10_lambda_3.xvg,10.2,3,0.0,26.410612,-229.23392,128402140.0,314.35358,45.455454,0.0,-14.422515,-20.415552,-23.301723,-24.819794,-25.661053,-26.139157,-26.410612
dhdl_modified_10_lambda_4.xvg,10.2,4,0.0,11.988097,-87.387611,128402160.0,328.77609,59.877969,14.422515,0.0,-5.9930372,-8.8792081,-10.397279,-11.238538,-11.716642,-11.988097
dhdl_modified_10_lambda_5.xvg,10.2,5,0.0,5.99506,-39.959076,128402160.0,334.76913,65.871006,20.415552,5.9930372,0.0,-2.8861709,-4.4042414,-5.2455012,-5.7236049,-5.99506
dhdl_modified_10_lambda_6.xvg,10.2,6,0.0,3.1088891,-20.353054,128402160.0,337.6553,68.757177,23.301723,8.8792081,2.8861709,0.0,-1.5180706,-2.3593303,-2.8374341,-3.1088891
dhdl_modified_10_lambda_7.xvg,10.2,7,0.0,1.5908185,-11.070651,128402170.0,339.17337,70.275247,24.819794,10.397279,4.4042414,1.5180706,0.0,-0.84125972,-1.3193635,-1.5908185
dhdl_modified_10_lambda_8.xvg,10.2,8,0.0,0.74955881,-6.2460022,128402170.0,340.01463,71.116507,25.661053,11.238538,5.2455012,2.3593303,0.84125972,0.0,-0.47810379,-0.74955881
dhdl_modified_10_lambda_9.xvg,10.2,9,0.0,0.27145502,-3.5644817,128402170.0,340.49274,71.594611,26.139157,11.716642,5.7236049,2.8374341,1.3193635,0.47810379,0.0,-0.27145502
dhdl_modified_10_lambda_10.xvg,10.2,10,0.0,0.0,-1.9989407,128402170.0,340.76419,71.866066,26.410612,11.988097,5.99506,3.1088891,1.5908185,0.74955881,0.27145502,0.0
dhdl_modified_11_lambda_0.xvg,11.2,0,0.0,23581013000000.0,-1336515000000.0,0.0,-121318980.0,-121319250.0,-121319290.0,-121319310.0,-121319310.0,-121319320.0,-121319320.0,-121319320.0,-121319320.0,-121319320.0
dhdl_modified_11_lambda_1.xvg,11.2,1,0.0,340.72934,-7360.1567,121318980.0,0.0,-268.86649,-314.31906,-328.74094,-334.73378,-337.61987,-339.13791,-339.97915,-340.45725,-340.7287
dhdl_modified_11_lambda_2.xvg,11.2,2,0.0,71.862221,-847.72565,121319250.0,268.86649,0.0,-45.452578,-59.874459,-65.867295,-68.753388,-70.271424,-71.112667,-71.590763,-71.862213
dhdl_modified_11_lambda_3.xvg,11.2,3,0.0,26.409636,-229.2225,121319290.0,314.31906,45.452578,0.0,-14.421882,-20.414718,-23.30081,-24.818846,-25.660089,-26.138185,-26.409636
dhdl_modified_11_lambda_4.xvg,11.2,4,0.0,11.987754,-87.384369,121319310.0,328.74094,59.874459,14.421882,0.0,-5.992836,-8.8789287,-10.396965,-11.238208,-11.716303,-11.987754
dhdl_modified_11_lambda_5.xvg,11.2,5,0.0,5.9949179,-39.957901,121319310.0,334.73378,65.867295,20.414718,5.992836,0.0,-2.8860927,-4.4041287,-5.2453716,-5.7234673,-5.9949179
dhdl_modified_11_lambda_6.xvg,11.2,6,0.0,3.1088252,-20.352554,121319320.0,337.61987,68.753388,23.30081,8.8789287,2.8860927,0.0,-1.518036,-2.3592789,-2.8373746,-3.1088252
dhdl_modified_11_lambda_7.xvg,11.2,7,0.0,1.5907892,-11.070418,121319320.0,339.13791,70.271424,24.818846,10.396965,4.4041287,1.518036,0.0,-0.84124291,-1.3193386,-1.5907892
dhdl_modified_11_lambda_8.xvg,11.2,8,0.0,0.74954629,-6.2458887,121319320.0,339.97915,71.112667,25.660089,11.238208,5.2453716,2.3592789,0.84124291,0.0,-0.47809568,-0.74954629
dhdl_modified_11_lambda_9.xvg,11.2,9,0.0,0.27145061,-3.5644212,121319320.0,340.45725,71.590763,26.138185,11.716303,5.7234673,2.8373746,1.3193386,0.47809568,0.0,-0.27145061
dhdl_modified_11_lambda_10.xvg,11.2,10,0.0,0.0,-1.998911,121319320.0,340.7287,71.862213,26.409636,11.987754,5.9949179,3.1088252,1.5907892,0.74954629,0.27145061,0.0
dhdl_modified_12_lambda_0.xvg,12.2,0,0.0,20865306000000.0,-1227969100000.0,0.0,-114657620.0,-114657890.0,-114657930.0,-114657950.0,-114657950.0,-114657960.0,-114657960.0,-114657960.0,-114657960.0,-114657960.0
dhdl_modified_12_lambda_1.xvg,12.2,1,0.0,340.69302,-7359.0186,114657620.0,0.0,-268.83408,-314.2837,-328.70495,-334.69758,-337.58359,-339.10159,-339.94282,-340.42091,-340.69235
dhdl_modified_12_lambda_2.xvg,12.2,2,0.0,71.858276,-847.66046,114657890.0,268.83408,0.0,-45.449621,-59.870865,-65.863493,-68.749508,-70.267509,-71.108735,-71.586822,-71.858269
dhdl_modified_12_lambda_3.xvg,12.2,3,0.0,26.408648,-229.21094,114657930.0,314.2837,45.449621,0.0,-14.421244,-20.413872,-23.299887,-24.817888,-25.659114,-26.137201,-26.408648
dhdl_modified_12_lambda_4.xvg,12.2,4,0.0,11.987404,-87.381058,114657950.0,328.70495,59.870865,14.421244,0.0,-5.9926281,-8.8786435,-10.396644,-11.237871,-11.715958,-11.987404
dhdl_modified_12_lambda_5.xvg,12.2,5,0.0,5.9947758,-39.956715,114657950.0,334.69758,65.863493,20.413872,5.9926281,0.0,-2.8860154,-4.4040164,-5.2452425,-5.7233295,-5.9947758
dhdl_modified_12_lambda_6.xvg,12.2,6,0.0,3.1087604,-20.352051,114657960.0,337.58359,68.749508,23.299887,8.8786435,2.8860154,0.0,-1.518001,-2.3592271,-2.8373141,-3.1087604
dhdl_modified_12_lambda_7.xvg,12.2,7,0.0,1.5907594,-11.070183,114657960.0,339.10159,70.267509,24.817888,10.396644,4.4040164,1.518001,0.0,-0.8412261,-1.3193131,-1.5907594
dhdl_modified_12_lambda_8.xvg,12.2,8,0.0,0.7495333,-6.2457714,114657960.0,339.94282,71.108735,25.659114,11.237871,5.2452425,2.3592271,0.8412261,0.0,-0.47808704,-0.7495333
dhdl_modified_12_lambda_9.xvg,12.2,9,0.0,0.27144626,-3.5643618,114657960.0,340.42091,71.586822,26.137201,11.715958,5.7233295,2.8373141,1.3193131,0.47808704,0.0,-0.27144626
dhdl_modified_12_lambda_10.xvg,12.2,10,0.0,0.0,-1.9988796,114657960.0,340.69235,71.858269,26.408648,11.987404,5.9947758,3.1087604,1.5907594,0.7495333,0.27144626,0.0
dhdl_modified_13_lambda_0.xvg,13.2,0,0.0,18472870000000.0,-1128683900000.0,0.0,-108390520.0,-108390780.0,-108390830.0,-108390840.0,-108390850.0,-108390850.0,-108390850.0,-108390860.0,-108390860.0,-108390860.0
dhdl_modified_13_lambda_1.xvg,13.2,1,0.0,340.65598,-7357.8574,108390520.0,0.0,-268.80104,-314.24765,-328.66823,-334.66065,-337.54658,-339.06455,-339.90575,-340.38383,-340.65527
dhdl_modified_13_lambda_2.xvg,13.2,2,0.0,71.85424,-847.59393,108390780.0,268.80104,0.0,-45.446606,-59.867189,-65.859608,-68.74554,-70.263505,-71.104713,-71.582791,-71.854233
dhdl_modified_13_lambda_3.xvg,13.2,3,0.0,26.407627,-229.19901,108390830.0,314.24765,45.446606,0.0,-14.420584,-20.413002,-23.298934,-24.816899,-25.658107,-26.136185,-26.407627
dhdl_modified_13_lambda_4.xvg,13.2,4,0.0,11.987043,-87.377655,108390840.0,328.66823,59.867189,14.420584,0.0,-5.9924183,-8.8783507,-10.396315,-11.237523,-11.715602,-11.987043
dhdl_modified_13_lambda_5.xvg,13.2,5,0.0,5.9946251,-39.955471,108390850.0,334.66065,65.859608,20.413002,5.9924183,0.0,-2.8859324,-4.4038969,-5.2451051,-5.7231834,-5.9946251
dhdl_modified_13_lambda_6.xvg,13.2,6,0.0,3.1086926,-20.351524,108390850.0,337.54658,68.74554,23.298934,8.8783507,2.8859324,0.0,-1.5179645,-2.3591727,-2.8372509,-3.1086926
dhdl_modified_13_lambda_7.xvg,13.2,7,0.0,1.5907282,-11.069935,108390850.0,339.06455,70.263505,24.816899,10.396315,4.4038969,1.5179645,0.0,-0.84120822,-1.3192864,-1.5907282
dhdl_modified_13_lambda_8.xvg,13.2,8,0.0,0.74951994,-6.2456498,108390860.0,339.90575,71.104713,25.658107,11.237523,5.2451051,2.3591727,0.84120822,0.0,-0.47807822,-0.74951994
dhdl_modified_13_lambda_9.xvg,13.2,9,0.0,0.27144173,-3.5643001,108390860.0,340.38383,71.582791,26.136185,11.715602,5.7231834,2.8372509,1.3192864,0.47807822,0.0,-0.27144173
dhdl_modified_13_lambda_10.xvg,13.2,10,0.0,0.0,-1.9988481,108390860.0,340.65527,71.854233,26.407627,11.987043,5.9946251,3.1086926,1.5907282,0.74951994,0.27144173,0.0
dhdl_modified_14_lambda_0.xvg,14.2,0,0.0,16364107000000.0,-1037836900000.0,0.0,-102492980.0,-102493250.0,-102493290.0,-102493310.0,-102493310.0,-102493320.0,-102493320.0,-102493320.0,-102493320.0,-102493320.0
dhdl_modified_14_lambda_1.xvg,14.2,1,0.0,340.61792,-7356.666,102492980.0,0.0,-268.7671,-314.21061,-328.63051,-334.62271,-337.50856,-339.02649,-339.86768,-340.34575,-340.61719
dhdl_modified_14_lambda_2.xvg,14.2,2,0.0,71.850098,-847.5257,102493250.0,268.7671,0.0,-45.443508,-59.863411,-65.855618,-68.741465,-70.259392,-71.100584,-71.578653,-71.85009
dhdl_modified_14_lambda_3.xvg,14.2,3,0.0,26.406582,-229.18683,102493290.0,314.21061,45.443508,0.0,-14.419903,-20.412109,-23.297957,-24.815884,-25.657076,-26.135145,-26.406582
dhdl_modified_14_lambda_4.xvg,14.2,4,0.0,11.986679,-87.374222,102493310.0,328.63051,59.863411,14.419903,0.0,-5.9922066,-8.8780539,-10.395981,-11.237173,-11.715242,-11.986679
dhdl_modified_14_lambda_5.xvg,14.2,5,0.0,5.9944725,-39.954208,102493310.0,334.62271,65.855618,20.412109,5.9922066,0.0,-2.8858473,-4.4037749,-5.2449663,-5.7230354,-5.9944725
dhdl_modified_14_lambda_6.xvg,14.2,6,0.0,3.1086252,-20.350996,102493320.0,337.50856,68.741465,23.297957,8.8780539,2.8858473,0.0,-1.5179275,-2.359119,-2.8371881,-3.1086252
dhdl_modified_14_lambda_7.xvg,14.2,7,0.0,1.5906976,-11.069693,102493320.0,339.02649,70.259392,24.815884,10.395981,4.4037749,1.5179275,0.0,-0.84119147,-1.3192605,-1.5906976
dhdl_modified_14_lambda_8.xvg,14.2,8,0.0,0.74950618,-6.2455254,102493320.0,339.86768,71.100584,25.657076,11.237173,5.2449663,2.359119,0.84119147,0.0,-0.47806907,-0.74950618
dhdl_modified_14_lambda_9.xvg,14.2,9,0.0,0.27143711,-3.5642371,102493320.0,340.34575,71.578653,26.135145,11.715242,5.7230354,2.8371881,1.3192605,0.47806907,0.0,-0.27143711
dhdl_modified_14_lambda_10.xvg,14.2,10,0.0,0.0,-1.9988148,102493320.0,340.61719,71.85009,26.406582,11.986679,5.9944725,3.1086252,1.5906976,0.74950618,0.27143711,0.0
dhdl_modified_15_lambda_0.xvg,15.2,0,0.0,14504169000000.0,-954671370000.0,0.0,-96941323.0,-96941592.0,-96941638.0,-96941652.0,-96941658.0,-96941661.0,-96941662.0,-96941663.0,-96941664.0,-96941664.0
dhdl_modified_15_lambda_1.xvg,15.2,1,0.0,340.5791,-7355.4487,96941323.0,0.0,-268.73245,-314.17282,-328.59204,-334.58402,-337.46978,-338.98767,-339.82885,-340.30691,-340.57834
dhdl_modified_15_lambda_2.xvg,15.2,2,0.0,71.845894,-847.45636,96941592.0,268.73245,0.0,-45.440372,-59.859585,-65.851571,-68.737331,-70.255222,-71.096394,-71.574454,-71.845886
dhdl_modified_15_lambda_3.xvg,15.2,3,0.0,26.405514,-229.17432,96941638.0,314.17282,45.440372,0.0,-14.419212,-20.411198,-23.296959,-24.814849,-25.656021,-26.134081,-26.405514
dhdl_modified_15_lambda_4.xvg,15.2,4,0.0,11.986301,-87.370651,96941652.0,328.59204,59.859585,14.419212,0.0,-5.9919858,-8.8777463,-10.395637,-11.236809,-11.714869,-11.986301
dhdl_modified_15_lambda_5.xvg,15.2,5,0.0,5.9943156,-39.952911,96941658.0,334.58402,65.851571,20.411198,5.9919858,0.0,-2.8857605,-4.403651,-5.2448233,-5.7228833,-5.9943156
dhdl_modified_15_lambda_6.xvg,15.2,6,0.0,3.1085551,-20.350449,96941661.0,337.46978,68.737331,23.296959,8.8777463,2.8857605,0.0,-1.5178905,-2.3590628,-2.8371228,-3.1085551
dhdl_modified_15_lambda_7.xvg,15.2,7,0.0,1.5906646,-11.069432,96941662.0,338.98767,70.255222,24.814849,10.395637,4.403651,1.5178905,0.0,-0.84117234,-1.3192323,-1.5906646
dhdl_modified_15_lambda_8.xvg,15.2,8,0.0,0.74949229,-6.2453995,96941663.0,339.82885,71.096394,25.656021,11.236809,5.2448233,2.3590628,0.84117234,0.0,-0.47806001,-0.74949229
dhdl_modified_15_lambda_9.xvg,15.2,9,0.0,0.27143228,-3.5641711,96941664.0,340.30691,71.574454,26.134081,11.714869,5.7228833,2.8371228,1.3192323,0.47806001,0.0,-0.27143228
dhdl_modified_15_lambda_10.xvg,15.2,10,0.0,0.0,-1.9987817,96941664.0,340.57834,71.845886,26.405514,11.986301,5.9943156,3.1085551,1.5906646,0.74949229,0.27143228,0.0
dhdl_modified_16_lambda_0.xvg,16.2,0,0.0,12862836000000.0,-878510800000.0,0.0,-91714083.0,-91714352.0,-91714398.0,-91714412.0,-91714418.0,-91714421.0,-91714422.0,-91714423.0,-91714424.0,-91714424.0
dhdl_modified_16_lambda_1.xvg,16.2,1,0.0,340.53931,-7354.2012,91714083.0,0.0,-268.69694,-314.13406,-328.55257,-334.54433,-337.43,-338.94785,-339.789,-340.26706,-340.53848
dhdl_modified_16_lambda_2.xvg,16.2,2,0.0,71.841553,-847.3847,91714352.0,268.69694,0.0,-45.43712,-59.855628,-65.84739,-68.733063,-70.250914,-71.092067,-71.570118,-71.841545
dhdl_modified_16_lambda_3.xvg,16.2,3,0.0,26.404425,-229.16159,91714398.0,314.13406,45.43712,0.0,-14.418508,-20.410269,-23.295942,-24.813793,-25.654947,-26.132997,-26.404425
dhdl_modified_16_lambda_4.xvg,16.2,4,0.0,11.985917,-87.367035,91714412.0,328.55257,59.855628,14.418508,0.0,-5.9917617,-8.8774345,-10.395285,-11.236439,-11.71449,-11.985917
dhdl_modified_16_lambda_5.xvg,16.2,5,0.0,5.9941554,-39.951584,91714418.0,334.54433,65.84739,20.410269,5.9917617,0.0,-2.8856728,-4.4035238,-5.2446774,-5.722728,-5.9941554
dhdl_modified_16_lambda_6.xvg,16.2,6,0.0,3.1084826,-20.349884,91714421.0,337.43,68.733063,23.295942,8.8774345,2.8856728,0.0,-1.517851,-2.3590046,-2.8370551,-3.1084826
dhdl_modified_16_lambda_7.xvg,16.2,7,0.0,1.5906316,-11.069171,91714422.0,338.94785,70.250914,24.813793,10.395285,4.4035238,1.517851,0.0,-0.84115362,-1.3192042,-1.5906316
dhdl_modified_16_lambda_8.xvg,16.2,8,0.0,0.74947798,-6.2452698,91714423.0,339.789,71.092067,25.654947,11.236439,5.2446774,2.3590046,0.84115362,0.0,-0.47805053,-0.74947798
dhdl_modified_16_lambda_9.xvg,16.2,9,0.0,0.27142745,-3.5641053,91714424.0,340.26706,71.570118,26.132997,11.71449,5.722728,2.8370551,1.3192042,0.47805053,0.0,-0.27142745
dhdl_modified_16_lambda_10.xvg,16.2,10,0.0,0.0,-1.9987473,91714424.0,340.53848,71.841545,26.404425,11.985917,5.9941554,3.1084826,1.5906316,0.74947798,0.27142745,0.0
dhdl_modified_17_lambda_0.xvg,17.2,0,0.0,11413552000000.0,-808735740000.0,0.0,-86790844.0,-86791112.0,-86791158.0,-86791172.0,-86791178.0,-86791181.0,-86791182.0,-86791183.0,-86791184.0,-86791184.0
dhdl_modified_17_lambda_1.xvg,17.2,1,0.0,340.49857,-7352.9258,86790844.0,0.0,-268.66058,-314.09441,-328.51219,-334.50372,-337.3893,-338.90711,-339.74825,-340.22629,-340.49771
dhdl_modified_17_lambda_2.xvg,17.2,2,0.0,71.837143,-847.31189,86791112.0,268.66058,0.0,-45.433834,-59.851612,-65.843143,-68.728726,-70.246537,-71.087672,-71.565713,-71.837135
dhdl_modified_17_lambda_3.xvg,17.2,3,0.0,26.403301,-229.14844,86791158.0,314.09441,45.433834,0.0,-14.417778,-20.409308,-23.294892,-24.812703,-25.653838,-26.131879,-26.403301
dhdl_modified_17_lambda_4.xvg,17.2,4,0.0,11.985523,-87.363312,86791172.0,328.51219,59.851612,14.417778,0.0,-5.9915304,-8.8771143,-10.394925,-11.23606,-11.714101,-11.985523
dhdl_modified_17_lambda_5.xvg,17.2,5,0.0,5.9939928,-39.950233,86791178.0,334.50372,65.843143,20.409308,5.9915304,0.0,-2.8855839,-4.4033947,-5.2445294,-5.7225703,-5.9939928
dhdl_modified_17_lambda_6.xvg,17.2,6,0.0,3.1084089,-20.349312,86791181.0,337.3893,68.728726,23.294892,8.8771143,2.8855839,0.0,-1.5178108,-2.3589455,-2.8369864,-3.1084089
dhdl_modified_17_lambda_7.xvg,17.2,7,0.0,1.5905981,-11.068905,86791182.0,338.90711,70.246537,24.812703,10.394925,4.4033947,1.5178108,0.0,-0.84113467,-1.3191756,-1.5905981
dhdl_modified_17_lambda_8.xvg,17.2,8,0.0,0.74946344,-6.2451382,86791183.0,339.74825,71.087672,25.653838,11.23606,5.2445294,2.3589455,0.84113467,0.0,-0.47804093,-0.74946344
dhdl_modified_17_lambda_9.xvg,17.2,9,0.0,0.27142251,-3.5640376,86791184.0,340.22629,71.565713,26.131879,11.714101,5.7225703,2.8369864,1.3191756,0.47804093,0.0,-0.27142251
dhdl_modified_17_lambda_10.xvg,17.2,10,0.0,0.0,-1.9987118,86791184.0,340.49771,71.837135,26.403301,11.985523,5.9939928,3.1084089,1.5905981,0.74946344,0.27142251,0.0
dhdl_modified_18_lambda_0.xvg,18.2,0,0.0,10133062000000.0,-744782630000.0,0.0,-82152484.0,-82152752.0,-82152798.0,-82152812.0,-82152818.0,-82152821.0,-82152822.0,-82152823.0,-82152824.0,-82152824.0
dhdl_modified_18_lambda_1.xvg,18.2,1,0.0,340.45694,-7351.6216,82152484.0,0.0,-268.62345,-314.0539,-328.47093,-334.46223,-337.34772,-338.86549,-339.70661,-340.18464,-340.45605
dhdl_modified_18_lambda_2.xvg,18.2,2,0.0,71.832611,-847.23718,82152752.0,268.62345,0.0,-45.430445,-59.847482,-65.838778,-68.724269,-70.24204,-71.083155,-71.561186,-71.832603
dhdl_modified_18_lambda_3.xvg,18.2,3,0.0,26.402159,-229.13507,82152798.0,314.0539,45.430445,0.0,-14.417037,-20.408333,-23.293824,-24.811595,-25.65271,-26.130741,-26.402159
dhdl_modified_18_lambda_4.xvg,18.2,4,0.0,11.985122,-87.35952,82152812.0,328.47093,59.847482,14.417037,0.0,-5.9912958,-8.8767872,-10.394558,-11.235673,-11.713704,-11.985122
dhdl_modified_18_lambda_5.xvg,18.2,5,0.0,5.9938259,-39.948853,82152818.0,334.46223,65.838778,20.408333,5.9912958,0.0,-2.8854914,-4.403262,-5.2443775,-5.7224085,-5.9938259
dhdl_modified_18_lambda_6.xvg,18.2,6,0.0,3.1083345,-20.348732,82152821.0,337.34772,68.724269,23.293824,8.8767872,2.8854914,0.0,-1.5177706,-2.3588861,-2.8369171,-3.1083345
dhdl_modified_18_lambda_7.xvg,18.2,7,0.0,1.5905639,-11.068634,82152822.0,338.86549,70.24204,24.811595,10.394558,4.403262,1.5177706,0.0,-0.84111547,-1.3191465,-1.5905639
dhdl_modified_18_lambda_8.xvg,18.2,8,0.0,0.74944842,-6.2450018,82152823.0,339.70661,71.083155,25.65271,11.235673,5.2443775,2.3588861,0.84111547,0.0,-0.47803101,-0.74944842
dhdl_modified_18_lambda_9.xvg,18.2,9,0.0,0.27141741,-3.5639682,82152824.0,340.18464,71.561186,26.130741,11.713704,5.7224085,2.8369171,1.3191465,0.47803101,0.0,-0.27141741
dhdl_modified_18_lambda_10.xvg,18.2,10,0.0,0.0,-1.9986764,82152824.0,340.45605,71.832603,26.402159,11.985122,5.9938259,3.1083345,1.5905639,0.74944842,0.27141741,0.0
dhdl_modified_19_lambda_0.xvg,19.2,0,0.0,9001142100000.0,-686145990000.0,0.0,-77781596.0,-77781864.0,-77781910.0,-77781924.0,-77781930.0,-77781933.0,-77781934.0,-77781935.0,-77781936.0,-77781936.0
dhdl_modified_19_lambda_1.xvg,19.2,1,0.0,340.41443,-7350.2896,77781596.0,0.0,-268.58555,-314.01253,-328.4288,-334.41986,-337.30526,-338.82298,-339.66408,-340.1421,-340.41351
dhdl_modified_19_lambda_2.xvg,19.2,2,0.0,71.827972,-847.16064,77781864.0,268.58555,0.0,-45.426977,-59.843254,-65.834309,-68.719707,-70.237436,-71.078532,-71.556553,-71.827965
dhdl_modified_19_lambda_3.xvg,19.2,3,0.0,26.400988,-229.12138,77781910.0,314.01253,45.426977,0.0,-14.416277,-20.407332,-23.29273,-24.810459,-25.651554,-26.129575,-26.400988
dhdl_modified_19_lambda_4.xvg,19.2,4,0.0,11.984711,-87.355637,77781924.0,328.4288,59.843254,14.416277,0.0,-5.991055,-8.8764532,-10.394182,-11.235278,-11.713298,-11.984711
dhdl_modified_19_lambda_5.xvg,19.2,5,0.0,5.9936557,-39.947441,77781930.0,334.41986,65.834309,20.407332,5.991055,0.0,-2.8853981,-4.403127,-5.2442225,-5.7222434,-5.9936557
dhdl_modified_19_lambda_6.xvg,19.2,6,0.0,3.1082575,-20.348131,77781933.0,337.30526,68.719707,23.29273,8.8764532,2.8853981,0.0,-1.5177288,-2.3588244,-2.8368453,-3.1082575
dhdl_modified_19_lambda_7.xvg,19.2,7,0.0,1.5905287,-11.068356,77781934.0,338.82298,70.237436,24.810459,10.394182,4.403127,1.5177288,0.0,-0.84109557,-1.3191165,-1.5905287
dhdl_modified_19_lambda_8.xvg,19.2,8,0.0,0.74943316,-6.2448635,77781935.0,339.66408,71.078532,25.651554,11.235278,5.2442225,2.3588244,0.84109557,0.0,-0.47802091,-0.74943316
dhdl_modified_19_lambda_9.xvg,19.2,9,0.0,0.27141225,-3.5638976,77781936.0,340.1421,71.556553,26.129575,11.713298,5.7222434,2.8368453,1.3191165,0.47802091,0.0,-0.27141225
dhdl_modified_19_lambda_10.xvg,19.2,10,0.0,0.0,-1.9986401,77781936.0,340.41351,71.827965,26.400988,11.984711,5.9936557,3.1082575,1.5905287,0.74943316,0.27141225,0.0
dhdl_modified_20_lambda_0.xvg,20.2,0,0.0,7999925500000.0,-632359160000.0,0.0,-73661364.0,-73661632.0,-73661678.0,-73661692.0,-73661698.0,-73661701.0,-73661702.0,-73661703.0,-73661704.0,-73661704.0
dhdl_modified_20_lambda_1.xvg,20.2,1,0.0,340.37082,-7348.9229,73661364.0,0.0,-268.54661,-313.97006,-328.38556,-334.37636,-337.26166,-338.77935,-339.62042,-340.09844,-340.36984
dhdl_modified_20_lambda_2.xvg,20.2,2,0.0,71.82325,-847.08258,73661632.0,268.54661,0.0,-45.423449,-59.838947,-65.829754,-68.715057,-70.232742,-71.073817,-71.551828,-71.823235
dhdl_modified_20_lambda_3.xvg,20.2,3,0.0,26.399786,-229.10736,73661678.0,313.97006,45.423449,0.0,-14.415499,-20.406305,-23.291608,-24.809293,-25.650368,-26.128379,-26.399786
dhdl_modified_20_lambda_4.xvg,20.2,4,0.0,11.984287,-87.351639,73661692.0,328.38556,59.838947,14.415499,0.0,-5.9908066,-8.8761094,-10.393794,-11.23487,-11.71288,-11.984287
dhdl_modified_20_lambda_5.xvg,20.2,5,0.0,5.9934807,-39.945992,73661698.0,334.37636,65.829754,20.406305,5.9908066,0.0,-2.8853028,-4.4029878,-5.244063,-5.7220738,-5.9934807
dhdl_modified_20_lambda_6.xvg,20.2,6,0.0,3.1081779,-20.347513,73661701.0,337.26166,68.715057,23.291608,8.8761094,2.8853028,0.0,-1.5176851,-2.3587602,-2.836771,-3.1081779
dhdl_modified_20_lambda_7.xvg,20.2,7,0.0,1.5904928,-11.068071,73661702.0,338.77935,70.232742,24.809293,10.393794,4.4029878,1.5176851,0.0,-0.84107518,-1.3190859,-1.5904928
